0	0	0.02529360700771842	0.024663060086098615	0.020412531381903937	0.12654868655033708	7.839958630217492E-4	0.0036889745667071415	0.00684660513769633	0.013084906997573956	0.7715785842831852	0.007099048125757715
1	1	0.026814814382052455	0.26671422836528114	0.021640181248429563	0.615295340441678	8.311469193306469E-4	0.003910836767416324	0.007258373464034237	0.01387185909227166	0.03613722044859123	0.007525998870914761
2	2	0.1344603388459842	0.01696407110367647	0.014040416418716303	0.16508609021381113	5.392583693531847E-4	0.0025373991155520645	0.0437301744151917	0.009000233219922053	0.6087590574343251	0.004882960863467831
3	3	0.29898291717128106	0.058489077281541096	0.008643800825338211	0.005542384369294268	3.3198744247157924E-4	0.025584800083030247	0.002899233320588993	0.005540877208662692	0.542933424326656	0.05105149797113594
4	4	0.07366560177667461	0.225947452997139	0.018332519661390483	0.215552295915699	7.041076534993889E-4	0.003313072617464862	0.006148944535701572	0.011751571145808385	0.4382087698013557	0.006375663895267051
5	5	0.20212607446795408	0.007677278572829702	0.16528802222415723	0.004074263319015635	2.4404735743869033E-4	0.00114832811896922	0.002131256005409045	0.02173247494687989	0.38145658219399337	0.21412167279335317
6	6	0.034938174044050335	0.45053178160197854	0.0036482617602945507	0.4383239159894754	1.4012089308173748E-4	6.593177786047584E-4	0.001223670266287372	0.0631736893116695	0.006092279818381706	0.0012687885361760008
7	7	0.06689800624575787	0.14538864928363363	0.24330225929916693	0.10218561049063524	4.521764770763242E-5	0.03293235249726952	0.15090498717997144	7.546834655771896E-4	0.08703693424409485	0.1705512996461856
8	8	0.17018565597735688	0.04906054908435145	0.02740059706534905	0.02479913365808174	2.7847056191986595E-4	0.001310301328044806	0.002431872500690539	0.004647679377081767	0.717364201732549	0.0025215387145749273
9	9	0.018104224466742133	0.058258208253837214	0.055215837676181406	0.009368237981423116	5.611551203753476E-4	0.0026404309827138903	0.004900545667930234	0.00936569044257845	0.3898460700263632	0.45173959938185504
10	10	0.05870953032120129	0.261284737526133	0.21763706109401806	0.009368237981423116	5.611551203753476E-4	0.0026404309827138903	0.004900545667930234	0.00936569044257845	0.4304513758808224	0.005081234982804296
11	11	0.05233437090883895	0.522480716475208	0.3387884576797184	0.008350958329929253	5.00220322772916E-4	0.03854976218478364	0.00436840446922378	0.008348687423620313	0.021748949140626125	0.00452947306527876
12	12	0.2905437477081654	0.01696407110367647	0.014040416418716303	0.3601903512915376	5.392583693531847E-4	0.0025373991155520645	0.004709322199646397	0.009000233219922053	0.023446274201145693	0.2780289263722849
13	13	0.3742789745098959	0.06287592950713573	0.006586782401469322	0.059141001685471255	2.5298234975179985E-4	0.00119037038086298	0.0022092849430113796	0.004222280594404356	0.48695164955578596	0.002290744072211355
14	14	0.14868295256707598	0.23028556138715583	0.17363590069033205	0.006298975876837133	3.773070852189219E-4	0.0017753617166375204	0.22171118618623795	0.006297262973539879	0.20751899242239727	0.003416499094567528
15	15	0.2993129924600372	0.007054399130213421	0.362823128611372	0.0037437067498946788	2.2424710132822867E-4	0.0010551609931577991	0.001958341145002659	0.3120474948323081	0.009749981317601412	0.002030547659084522
16	16	0.17948195072615658	0.25204830251258303	0.24655012492767803	0.016930296545006714	0.0010141205437503588	0.004771791625342426	0.008856274953190647	0.23707163814537088	0.04409268301260805	0.009182817008313297
17	17	0.04631179110253741	0.4606413996434277	0.037374696655334716	0.33557765585121735	0.0014354715253714985	0.006754395269278175	0.012535916557958474	0.02395804913403046	0.06241249260937086	0.012998131651473276
18	18	0.05641863441489362	0.01696407110367647	0.014040416418716303	0.009002681351629946	5.392583693531847E-4	0.0025373991155520645	0.004709322199646397	0.009000233219922053	0.5307173530032345	0.3560706308033755
19	19	0.07762030853194364	0.02333903410958126	0.18037042768446312	0.012385817405460315	7.419073758470362E-4	0.003490933523301293	0.006479048029145284	0.01238244928532653	0.676472135333045	0.00671793872188662
20	20	0.09951270414713315	0.012554933323533753	0.15478580966161734	0.006662791225759431	3.990995339508741E-4	0.0018779028050669765	0.0034853205845608685	0.6708763366807354	0.04623127327639774	0.0036138287612445382
21	21	0.31513762510144844	0.2723433213885337	0.05755278616102616	0.22138413788381708	5.849053823203863E-4	0.002752184266628157	0.005107955774442523	0.09440984268957847	0.025430948790018518	0.005296292562186579
22	22	0.10849699827718316	0.19576377259818142	0.20924345546583986	0.0033618479516514216	2.0137385447866165E-4	9.475343718120612E-4	0.13290169087309076	0.2947900468547367	0.0524698483401312	0.0018234314128947027
23	23	0.11434315850212919	0.11410978711523914	0.511467295271004	0.15181862231348173	2.9016429324471815E-4	0.06435437743406787	0.0025339933979348045	0.025839198996465838	0.012615977738013628	0.0026274249384190744
24	24	0.2617360595934971	0.017652902399378046	0.014610531821722249	0.009368237981423116	5.611551203753476E-4	0.0026404309827138903	0.004900545667930234	0.00936569044257845	0.6740832110075773	0.005081234982804296
25	25	0.06685333006526942	0.39000405050016246	0.016637208660379783	0.010667738312256656	6.389948663364046E-4	0.003006694194897853	0.3292449640477412	0.14937825750835462	0.027782691378935947	0.005786070465665725
26	26	0.18381203436369664	0.014673743238277706	0.012144812658919566	0.514076631520675	4.6645282271105636E-4	0.002194823570774514	0.004073514214931359	0.2440534969759905	0.020280780799563195	0.0042237098344605145
27	27	0.154608684115029	0.2642403623690971	0.006586782401469322	0.15067028934999913	2.5298234975179985E-4	0.00119037038086298	0.0022092849430113796	0.11405742579183782	0.3038930742267302	0.002290744072211355
28	28	0.014097259679711259	0.013745827648225815	0.23270443072110772	0.007294788230673165	4.369559970416369E-4	0.0020560306959324383	0.0038159195926898665	0.3550933392980728	0.14547121773111854	0.2252842304054268
29	29	0.23114141308516814	0.3372738328131656	0.13487394609347533	0.008166055364226847	3.4931229018275225E-5	0.002691994927379294	0.17471161173839045	5.830029271498949E-4	0.009101659665145385	0.10142155215688071
30	30	0.04571549011294332	0.14021874938115406	0.01137681768848326	0.007294788230673165	4.369559970416369E-4	0.286620104595021	0.067052380459154	0.2918568784316087	0.14547121773111854	0.003956617372802352
31	31	0.028530707350724095	0.21979091643599435	0.023024946934885826	0.01476354078192772	8.843324135314609E-4	0.004161093107632637	0.07171332497096612	0.5266834034472336	0.10244014337080586	0.008007591186298332
32	32	0.05253455280649088	0.016953670265255717	0.004251798095578916	0.15634093211742803	1.6330126112103528E-4	7.683895124966865E-4	0.1077747346142865	0.15634019076037545	0.5033937448157092	0.0014786857512575887
33	33	0.008161823851784385	0.1727110747045692	0.06150435500018605	0.004223429086754521	2.5298234975179985E-4	0.05610794297957972	0.0022092849430113796	0.004222280594404356	0.6883160824177473	0.002290744072211355
34	34	0.010219709949849592	0.10165060307915086	0.12285462118548311	0.0052883057811830845	3.167681983640901E-4	0.0014905050937422534	0.002766324258420512	0.07405111370766082	0.6784937266146629	0.0028683221314828016
35	35	0.1964818599182455	0.505351142182903	0.06009629451520013	0.18697371082918424	6.107548993562909E-4	0.0028738152795005677	0.005333698593368703	0.01019351176878341	0.026554853209189544	0.005530358804268764
36	36	0.007007344758317045	0.6197768759515166	0.005655090819562365	0.17650773319311278	2.171983339351827E-4	0.001021994078807819	0.06476285817762358	0.019341563048623604	0.1037426202587512	0.0019667213797497835
37	37	0.08543790682318038	0.3295712839473885	0.15229570113924543	0.008059245472031155	4.8274679528424123E-4	0.0022714924069867724	0.0042158088386594385	0.008057053892254959	0.4052375096440909	0.004371251040878343
38	38	0.0048660003874312985	0.3430717231732847	0.16763360227739577	0.10074194336099276	1.5082562846984346E-4	7.096873002471926E-4	0.0995411301160887	0.04617238318802344	0.03929903349223639	0.19781367107582984
39	39	0.2946887431110307	0.11911160526071128	0.007886026739398307	0.22422342269903056	3.02883176206561E-4	0.0014251712112395227	0.02456175902995641	0.0050551264091079915	0.32000266849798203	0.0027425938653366103
40	40	0.21250204327707478	0.01696407110367647	0.13110297306535218	0.009002681351629946	5.392583693531847E-4	0.0025373991155520645	0.004709322199646397	0.009000233219922053	0.6087590574343251	0.004882960863467831
41	41	0.15916935273778965	0.006624431929835089	0.0054827512961890335	0.01875308274774666	2.105791904868786E-4	0.016228404454527997	0.0018389798154322668	0.018752126757774965	0.6948457269476259	0.07809456412259151
42	42	0.07366560177667461	0.6335425095039318	0.018332519661390483	0.011754767662302639	7.041076534993889E-4	0.003313072617464862	0.006148944535701572	0.011751571145808385	0.23441124154795936	0.006375663895267051
43	43	0.01451267123908422	0.1348499916996573	0.20435978397171223	0.0023157766238303254	1.3871444263956624E-4	6.526999376757181E-4	0.28225878560941087	0.10268921753620819	0.0361433503208586	0.22207900861892294
44	44	0.033918587308540755	0.05711697430664758	0.008441024762215454	0.09924889218631305	3.241993052908564E-4	0.40033071225538125	0.0028312198238989706	0.21654307956063887	0.1783097000125608	0.0029356104785123846
45	45	0.2727862756145846	0.012554933323533753	0.010391166772074476	0.006662791225759431	3.990995339508741E-4	0.0018779028050669765	0.0034853205845608685	0.006660979388838212	0.6815677019903863	0.0036138287612445382
46	46	0.32126630606311646	0.18061260623524755	0.010099503919705008	0.006475777703960347	3.87897470601813E-4	0.02989353803317451	0.0033874934044749016	0.06261070642557866	0.016865293103507484	0.3684008776406333
47	47	0.038425762443816056	0.03813036926912528	0.14244484605507063	0.2453194590195466	3.6727960914869235E-4	0.10803390669075685	0.0032074384286627003	0.006129904192724842	0.4146153335522355	0.003325700738912852
48	48	0.09185521775326215	0.46699187668426323	0.0886239392149412	0.19644162289344927	5.19006301176057E-4	0.0024421060560444654	0.004532461682173676	0.008662225787606186	0.1352319643519849	0.004699579275098955
49	49	0.5553909498682145	0.04107202761174099	0.13583859709343002	0.002758842651347609	1.6525398726884553E-4	0.06056664903791662	0.0014431565925600992	0.002758092429285087	0.17459443462088406	0.025411996107352224
50	50	0.10347968007844562	0.10326848076603204	0.025838636740403553	0.2704054415247828	2.6259645639045904E-4	0.0012356081130302482	0.002293244559396216	0.34641039485912206	0.14442811751658882	0.0023777993858082264
51	51	0.13992014203011963	0.017652902399378046	0.5424795079296914	0.009368237981423116	5.611551203753476E-4	0.0026404309827138903	0.004900545667930234	0.21239221971487426	0.024398317336230727	0.045686540837263465
52	52	0.04171874901399089	0.5702928563712403	0.0061373822230674805	0.0209921680678338	2.3572197796760137E-4	0.001109154298576011	0.0020585507928581365	0.003934204636108743	0.3513867604549988	0.0021344521633583917
53	53	0.1751857704065657	0.46010355926539415	0.19051363771316662	0.037410946837659206	2.3176872357963865E-4	0.0010905528548940137	0.002024027177262865	0.07095156456290061	0.04361868188431508	0.018869490574262193
54	54	0.3486654645407408	0.05031842998192709	0.0021465372423655955	0.019273198191631768	8.244329359996183E-5	0.024250382722584257	0.1617915669663846	0.0013759802573081411	0.3913494763988012	7.46520404656607E-4
55	55	0.23867404297063705	0.3454465029869681	0.01931669324576972	0.06607039555169146	7.419073758470362E-4	0.003490933523301293	0.006479048029145284	0.2271207618702511	0.08594177572450241	0.00671793872188662
56	56	0.015574581831455861	0.15491297146807717	0.32695401361855675	0.008059245472031155	4.8274679528424123E-4	0.0022714924069867724	0.0042158088386594385	0.008057053892254959	0.4751008346358154	0.004371251040878343
57	57	0.038345763253385116	0.20939847013930804	0.28895887472181525	0.019842453698966173	0.0011885580315172746	0.005592580976669129	0.010379630695590367	0.019837057868750094	0.39569426981097966	0.0107623408030189
58	58	0.23014812796629977	0.04090811198845177	0.12795491755922161	0.021709570460890695	0.0013003978602417604	0.006118826462352344	0.01135632353551534	0.11580073726379102	0.15063673026558802	0.2940662566376477
59	59	0.34190277669616476	0.19671625996446646	0.15780820406263973	0.15313516122359214	5.00220322772916E-4	0.002353711461367919	0.00436840446922378	0.008348687423620313	0.13033710131087328	0.00452947306527876
60	60	0.25131728859781743	0.48721052287712346	0.04589743977597997	0.00778722476476883	4.6645282271105636E-4	0.002194823570774514	0.004073514214931359	0.007785107156567617	0.18904391638486526	0.0042237098344605145
61	61	0.018104224466742133	0.017652902399378046	0.014610531821722249	0.04997354383588228	5.611551203753476E-4	0.0026404309827138903	0.004900545667930234	0.04997099629703761	0.836504434425414	0.005081234982804296
62	62	0.0239357303857125	0.7212385500105861	0.01931669324576972	0.012385817405460315	7.419073758470362E-4	0.003490933523301293	0.006479048029145284	0.01238244928532653	0.1933109320169647	0.00671793872188662
63	63	0.26044074531823497	0.027790395503960376	0.18129582693517646	0.08194720055406637	2.6768284164105317E-4	0.15621624777223864	0.002337663762394044	0.08194598532424423	0.031008100863464127	0.17675015112457979
64	64	0.07733372054617539	0.4564010537134747	0.10623150898817946	0.2918588621297617	4.369559970416369E-4	0.0020560306959324383	0.0038159195926898665	0.03891103496575216	0.018998295998190282	0.003956617372802352
65	65	0.230489865212338	0.2723433213885337	0.015228906216470925	0.09441249805015137	5.849053823203863E-4	0.002752184266628157	0.3013751153863292	0.00976208280046801	0.06775482873457375	0.005296292562186579
66	66	0.010974353063542625	0.6506641715233887	0.08269848981976487	0.00567880449009523	3.4015897370952226E-4	0.0016005668675535087	0.0029705949825509703	0.03029123712579315	0.21170149857811602	0.0030801245754854983
67	67	0.06020230685063554	0.1583846336524596	0.058084512926218405	0.07952073517073459	3.4015897370952226E-4	0.0016005668675535087	0.0029705949825509703	0.03029123712579315	0.35938535993939474	0.24921989351095
68	68	0.22293227081252825	0.2059790529831372	0.011462943387075113	0.001944869192195993	1.1649717992062138E-4	0.36302788855767276	0.026306648696510726	0.001944340316880834	0.013494911676601638	0.15279057719747677
69	69	0.29235862111686817	0.02333903410958126	0.01931669324576972	0.012385817405460315	7.419073758470362E-4	0.003490933523301293	0.006479048029145284	0.1197516055777888	0.5154184008943515	0.00671793872188662
70	70	0.054465323678411004	0.1400847566370711	0.16366845967991497	0.01507723854045676	1.693029743074348E-4	0.049799828994568994	0.013729316068576134	0.0028256701058178685	0.2646278763777059	0.2955522269431698
71	71	0.09407890801653865	0.01186938318500649	0.009823767038720059	0.3339232431800611	3.773070852189219E-4	0.0017753617166375204	0.0032950079840886022	0.06090130752407721	0.48053921517508397	0.003416499094567528
72	72	0.02529360700771842	0.3650437211625077	0.020412531381903937	0.013088466191534028	7.839958630217492E-4	0.1171491949255102	0.00684660513769633	0.1832752375357785	0.26100759266857143	0.007099048125757715
73	73	0.1247264723556704	0.522480716475208	0.013024001168976835	0.008350958329929253	5.00220322772916E-4	0.03854976218478364	0.00436840446922378	0.008348687423620313	0.2751213042045362	0.00452947306527876
74	74	0.014097259679711259	0.013745827648225815	0.13784973942141152	0.007294788230673165	4.369559970416369E-4	0.0020560306959324383	0.1619070717588502	0.5131844914642332	0.14547121773111854	0.003956617372802352
75	75	0.013258818897372055	0.48873184254466806	0.04043789853357487	0.006860927459850669	4.1096784499428096E-4	0.0019337473568738562	0.0035889660796434276	0.00685906174302654	0.4341964737432194	0.0037212957967769304
76	76	0.01739778219934833	0.7193394109834919	0.014040416418716303	0.009002681351629946	5.392583693531847E-4	0.0025373991155520645	0.004709322199646397	0.009000233219922053	0.2185505352788722	0.004882960863467831
77	77	0.028530707350724095	0.8596957631464431	0.023024946934885826	0.01476354078192772	8.843324135314609E-4	0.004161093107632637	0.007722840299921238	0.014759526078874562	0.038449658699760976	0.008007591186298332
78	78	0.230489865212338	0.10304780161031275	0.05755278616102616	0.5599751774402589	5.849053823203863E-4	0.002752184266628157	0.005107955774442523	0.00976208280046801	0.025430948790018518	0.005296292562186579
79	79	0.2045214423020946	0.20410401940365416	0.2388455719467178	0.008664581978728504	5.19006301176057E-4	0.0024421060560444654	0.04208786986511783	0.2339946748852711	0.02256573980315243	0.04225498745804311
80	80	0.16318859035671482	0.009528144632114696	0.07363610311655626	0.005056501441837382	0.5701368784449089	0.0014251712112395227	0.0026450669042370895	0.0050551264091079915	0.12275243936650818	0.04657597811677525
81	81	0.37249513336719275	0.02186198768907817	0.020720307055432114	0.0035155269885035786	2.105791904868786E-4	9.90848695284918E-4	0.0018389798154322668	0.0644647940355042	0.511995057836709	0.001906785326376118
82	82	0.011251292107499151	0.4399677351483173	0.1352556223706102	0.005822109765330773	3.4874292398220816E-4	0.0016409573539468518	0.0030455582837757766	0.005820526537960323	0.3936896036401698	0.0031578518684077287
83	83	0.01739778219934833	0.01696407110367647	0.24816552971198808	0.009002681351629946	5.392583693531847E-4	0.0025373991155520645	0.19981358327737286	0.08704193765101263	0.3356130919255081	0.08292466529455843
84	84	0.016138320185423227	0.12432415851763504	0.049220051892392556	0.008350958329929253	5.00220322772916E-4	0.3281181679721094	0.00436840446922378	0.11693683959386747	0.3475134056513676	0.00452947306527876
85	85	0.20788616821191427	0.5275942870556565	0.18115439739395067	0.00567880449009523	3.4015897370952226E-4	0.0016005668675535087	0.0029705949825509703	0.005677260232246694	0.06401763721683729	0.0030801245754854983
86	86	0.195483937545923	0.2515835008037047	0.4742534128171162	0.013088466191534028	7.839958630217492E-4	0.0036889745667071415	0.00684660513769633	0.013084906997573956	0.03408715195096533	0.007099048125757715
87	87	0.14655996651393452	0.2851901278824846	0.0583025220147526	0.004003563118538631	2.398124330497171E-4	0.001128401319479952	0.002094272576736928	0.3337071851522957	0.1666026579341531	0.0021714910545743067
88	88	0.014557543442828393	0.014194636950234396	0.30560353456464706	0.007532967327479418	4.5122286558236336E-4	0.0021231612991354223	0.003940511596368675	0.5952414331267047	0.05226918558583257	0.004085803241187051
89	89	0.22159164199378464	0.010198710635336611	0.008441024762215454	0.005412364843691117	3.241993052908564E-4	0.048443734720549046	0.0028312198238989706	0.05232915671105046	0.6474923367256705	0.0029356104785123846
90	90	0.1060999688871064	0.031902356995432576	0.6868420159619789	0.016930296545006714	0.0010141205437503588	0.004771791625342426	0.008856274953190647	0.01692569262822048	0.11747466485165818	0.009182817008313297
91	91	0.014557543442828393	0.07949580520204348	0.07704944568331525	0.04018355145338397	4.5122286558236336E-4	0.0021231612991354223	0.003940511596368675	0.04018150298632747	0.737931452229828	0.004085803241187051
92	92	0.3773763812244242	0.027471705594851036	0.004059902507115855	0.0026031997556372546	1.5593101660444703E-4	0.16998174113587528	0.0690609519352099	0.1718505230580716	0.0631956944615557	0.11424396931065471
93	93	0.02271621971332552	0.022149924743742666	0.018332519661390483	0.011754767662302639	7.041076534993889E-4	0.003313072617464862	0.006148944535701572	0.11365033527250655	0.7948544442447993	0.006375663895267051
94	94	0.007234755081174295	0.16932008656291503	0.4115028348411825	0.0037437067498946788	2.2424710132822867E-4	0.01728172973642796	0.22913030355078493	0.06864896368325565	0.09088282503395223	0.002030547659084522
95	95	0.2850699157148779	0.014673743238277706	0.45092896518070497	0.00778722476476883	4.6645282271105636E-4	0.002194823570774514	0.004073514214931359	0.07529036139068843	0.020280780799563195	0.13923421830270216
96	96	0.07762030853194364	0.29176192484073693	0.34142416212315657	0.012385817405460315	7.419073758470362E-4	0.003490933523301293	0.006479048029145284	0.17343618372401995	0.08594177572450241	0.00671793872188662
97	97	0.1294106259362063	0.39188106031837494	0.013513122849052902	0.2715524392593376	5.19006301176057E-4	0.0024421060560444654	0.04208786986511783	0.008662225787606186	0.1352319643519849	0.004699579275098955
98	98	0.033918587308540755	0.5262996110197573	0.008441024762215454	0.005412364843691117	3.241993052908564E-4	0.048443734720549046	0.3547181973587312	0.0054108930397394955	0.01409577716297241	0.0029356104785123846
99	99	0.015574581831455861	0.015186321484628163	0.04750071365165867	0.008059245472031155	4.8274679528424123E-4	0.0022714924069867724	0.0042158088386594385	0.008057053892254959	0.8942807845861624	0.004371251040878343
100	100	0.009771745476679583	0.3163618343921852	0.007886026739398307	0.2899734990761885	3.02883176206561E-4	0.0014251712112395227	0.0026450669042370895	0.2899721240434591	0.07891905511506954	0.0027425938653366103
101	101	0.23332743478190945	0.08484503972352403	0.004106233974841746	0.002632907381682697	1.577104960009625E-4	7.420830084586547E-4	0.0013772795790363394	0.2422834688780499	0.406275849370144	0.024251992806352124
102	102	0.33224357290443446	0.15158692847482258	0.11689192330709	0.03645280599562949	1.5593101660444703E-4	7.337099359140832E-4	0.05777774985521249	0.0026024918581104136	0.3001429381415014	0.00141194851068058
103	103	0.03530903393503113	0.5095888907566172	0.02849521474116349	0.09746440994456249	0.001094432143423106	0.005149685773230437	0.009557633004771063	0.09745944142819868	0.2059712232549716	0.009910035018030783
104	104	0.07923102293960245	0.07725586464778154	0.06394128530902927	0.04099899886754769	0.0024558298145722956	0.011555537667252957	0.02144666549763676	0.5741009791536338	0.106776384931912	0.022237431171031222
105	105	0.004762056363197995	0.12213041362935911	0.14269144736835965	0.0772286802854575	1.4760379913724274E-4	6.945274671067142E-4	0.30034701724656565	0.1413118671322994	0.1879885551396856	0.02269783156883108
106	106	0.13533950950640022	0.030124383098155044	0.30150378522829374	0.02584051628785557	2.9016429324471815E-4	0.0013653244212547884	0.0025339933979348045	0.025839198996465838	0.47453569983197624	0.0026274249384190744
107	107	0.09884642250592178	0.30318217545823334	0.4347902967825371	0.015772853309871705	9.44789982418787E-4	0.004445567101067605	0.008250813878966914	0.015768564140811552	0.1094434850214144	0.008555031818756791
108	108	0.01366519053641681	0.01332452960089044	0.04167728608640368	0.007071209111542834	4.235636635251546E-4	0.03264217336971921	0.0036989648690944096	0.007069286212068448	0.876592446169665	0.003835350380674017
109	109	0.1916851516858398	0.2508300654933777	0.01070017640216358	0.006860927459850669	4.1096784499428096E-4	0.0019337473568738562	0.4199170759194015	0.00685906174302654	0.10708153029769518	0.0037212957967769304
110	110	0.22170156870854674	0.20211669024755735	0.02633912049642359	0.372491025126728	2.6768284164105317E-4	0.0012595413334857693	0.002337663762394044	0.0238372204097119	0.14722563069252878	0.002423856380982843
111	111	0.11591245157497317	0.2923495645722976	0.2275569876128132	0.00185123631272305	1.108885937749748E-4	0.20111983519501053	9.68385742401044E-4	0.0018507328993355306	0.10110836777892032	0.057171549717750535
112	112	0.37761217039598655	0.06740573177893817	0.15329565422382768	0.0028614943034499527	1.7140279564737356E-4	8.065100641840015E-4	0.0014968538950852431	0.31292930009592124	0.0818688376561872	0.0015520447907725302
113	113	0.3933651459729557	0.09048607570134376	0.09557933225752012	0.13340897266949847	7.608848922008163E-5	3.580229370984129E-4	0.13830896612676585	0.11138550910873475	0.0033082316069470877	0.0337236551299158
114	114	0.11786273338448364	0.11773732223483035	0.31998956074704343	0.03645280599562949	1.5593101660444703E-4	7.337099359140832E-4	0.36242420601514264	0.02516889601810524	0.006779684061568614	0.012695150590677995
115	115	0.06727581600717877	0.6691606027304484	0.05429315419784433	0.034812640326432075	0.0020852684796970854	0.009811917063834321	0.018210567886854035	0.03480317359921051	0.09066484515878258	0.018882014549717805
116	116	0.0206155233610132	0.0663394035703689	0.15535062877314845	0.010667738312256656	6.389948663364046E-4	0.003006694194897853	0.005580317117947649	0.19561606421261088	0.5363985651257543	0.005786070465665725
117	117	0.230489865212338	0.31466720133308895	0.015228906216470925	0.00976473816104089	5.849053823203863E-4	0.002752184266628157	0.089755715663553	0.00976208280046801	0.3216981084019052	0.005296292562186579
118	118	0.2089929266565644	0.0402708819770575	0.010099503919705008	0.006475777703960347	3.87897470601813E-4	0.0018251931815364984	0.11566087281102695	0.3432941549419588	0.2694803967682496	0.0035123945693391586
119	119	0.1060999688871064	0.031902356995432576	0.026404179410527594	0.09031227838405687	0.0010141205437503588	0.004771791625342426	0.008856274953190647	0.01692569262822048	0.11747466485165818	0.5962386717207144
120	120	0.18547396892234558	0.1680808926582681	0.011760354320260716	0.11442550285615732	1.1951974871676055E-4	5.62382193620232E-4	0.08752850990092377	0.010643261914019753	0.4116748865453614	0.00973072094032635
121	121	0.030481215076854366	0.30318217545823334	0.024599052208132566	0.3575988904552088	9.44789982418787E-4	0.004445567101067605	0.008250813878966914	0.15249897899894638	0.1094434850214144	0.008555031818756791
122	122	0.6551756773643027	0.05663025003905477	0.020768053153604502	0.002030450244956612	1.216234636528413E-4	0.1677855833731323	0.0010621329402179071	0.05483409887583092	0.04049083542059579	0.0011012951246515855
123	123	0.2850699157148779	0.08217899747239853	0.012144812658919566	0.07529247899888966	4.6645282271105636E-4	0.13720533203901616	0.004073514214931359	0.007785107156567617	0.22279654350192568	0.17298684541976259
124	124	0.5690809047687799	0.23001944144397846	0.015228906216470925	0.09441249805015137	5.849053823203863E-4	0.045076064211183396	0.005107955774442523	0.00976208280046801	0.025430948790018518	0.005296292562186579
125	125	0.0206155233610132	0.5287174706129312	0.016637208660379783	0.010667738312256656	6.389948663364046E-4	0.003006694194897853	0.005580317117947649	0.010664837395585979	0.35144733830872954	0.05202387716992195
126	126	0.2028921846666482	0.2987159085431232	0.008643800825338211	0.029565067495452478	3.3198744247157924E-4	0.0015621169568720433	0.002899233320588993	0.0295635603348209	0.42282000869586495	0.0030061317188195174
127	127	0.06119434543411704	0.018400041721202274	0.14220054605013663	0.13673637799470661	5.849053823203863E-4	0.002752184266628157	0.005107955774442523	0.00976208280046801	0.6179652680137918	0.005296292562186579
128	128	0.011542570174686363	0.06303164498470533	0.009315123613912233	0.005972834932111131	3.577713239092751E-4	0.23467913239374597	0.13256645475887172	0.03185962107999335	0.4556584223796386	0.0550164243584261
129	129	0.05429980957031799	0.05388238667187757	0.27640098012966197	0.008664581978728504	5.19006301176057E-4	0.0024421060560444654	0.004532461682173676	0.5344379403488243	0.02256573980315243	0.04225498745804311
130	130	0.015048898778394586	0.41970526864300267	0.07965006689304038	0.00778722476476883	4.6645282271105636E-4	0.002194823570774514	0.3415997853855355	0.10904298850774885	0.020280780799563195	0.0042237098344605145
131	131	0.21250204327707478	0.17304747996585765	0.053061268634261596	0.009002681351629946	5.392583693531847E-4	0.0025373991155520645	0.082751026630737	0.009000233219922053	0.45267564857214393	0.004882960863467831
132	132	0.36755064477059773	0.007815291299315573	0.4019574719103149	0.004147505442998049	2.484345424121504E-4	0.0371225257785111	0.002169569119796592	0.09403026364879584	0.08270872961087888	0.0022495638763791867
133	133	0.012514512695098347	0.6297061238614557	0.010099503919705008	0.20295419166542641	3.87897470601813E-4	0.0018251931815364984	0.0033874934044749016	0.006474016722302647	0.10107032765842151	0.03158073942097717
134	134	0.011542570174686363	0.06303164498470533	0.5011949205012703	0.005972834932111131	3.577713239092751E-4	0.0016834391313131777	0.029012813308901587	0.3684089557923963	0.015555446217265533	0.0032396036334410316
135	135	0.27746313003007095	0.022149924743742666	0.018332519661390483	0.011754767662302639	7.041076534993889E-4	0.003313072617464862	0.006148944535701572	0.011751571145808385	0.6420062980547521	0.006375663895267051
136	136	0.08853042163225468	0.08812810779421931	0.121612153339224	0.008350958329929253	5.00220322772916E-4	0.002353711461367919	0.00436840446922378	0.044544738147036037	0.6370818114386935	0.00452947306527876
137	137	0.005396018808362847	0.27151725128127147	0.004354713158524167	0.06330490217928432	1.6725397928627123E-4	7.869884330633276E-4	0.07407582709322472	0.0027914723369838845	0.4066556177754423	0.17094995495455667
138	138	0.13742685906484975	0.08667614766773551	0.18572584915355045	0.2834083570715021	3.4874292398220816E-4	0.0016409573539468518	0.0030455582837757766	0.03105563992943045	0.21704380989987893	0.05362807865134798
139	139	0.06119434543411704	0.06072392166575752	0.015228906216470925	0.00976473816104089	5.849053823203863E-4	0.002752184266628157	0.005107955774442523	0.05208596274502325	0.7872607877920128	0.005296292562186579
140	140	0.10809314674430755	0.37276807242199606	0.01590193792823115	0.09858499765524627	6.107548993562909E-4	0.0028738152795005677	0.2263054815282136	0.01019351176878341	0.15913792297009646	0.005530358804268764
141	141	0.1405701814126395	0.013745827648225815	0.042995048121715326	0.007294788230673165	4.369559970416369E-4	0.0020560306959324383	0.09867061089238606	0.007292804532520099	0.6829811350960636	0.003956617372802352
142	142	0.016138320185423227	0.23291231068788218	0.3387884576797184	0.18933121194700786	5.00220322772916E-4	0.002353711461367919	0.14915260736288669	0.044544738147036037	0.021748949140626125	0.00452947306527876
143	143	0.1964818599182455	0.019213219726244193	0.19267936427610705	0.010196284481308314	6.107548993562909E-4	0.0028738152795005677	0.005333698593368703	0.09858222494272136	0.46849841907887935	0.005530358804268764
144	144	0.05641863441489362	0.01696407110367647	0.7944574607296222	0.009002681351629946	5.392583693531847E-4	0.0025373991155520645	0.004709322199646397	0.04802108543546735	0.062467126416690985	0.004882960863467831
145	145	0.04195398723643592	0.04090811198845177	0.41024612865401733	0.021709570460890695	0.0013003978602417604	0.006118826462352344	0.01135632353551534	0.021703666898859098	0.4329279413603838	0.011775045542851947
146	146	0.12248121644667755	0.008260798924872388	0.006837100372171621	0.023385468737767687	2.6259645639045904E-4	0.0012356081130302482	0.002293244559396216	0.23240117664973045	0.6004649903541552	0.0023777993858082264
147	147	0.09157862632078993	0.30389468865399466	0.009562686362635964	0.03270800351165114	3.6727960914869235E-4	0.001728178936809108	0.08293673424412351	0.4313528152085158	0.015968854474931484	0.02990213267739979
148	148	0.25789104166815063	0.5306078064151112	0.009823767038720059	0.006298975876837133	3.773070852189219E-4	0.0017753617166375204	0.030597030259357273	0.006297262973539879	0.01640483649551659	0.13992661047091087
149	149	0.014097259679711259	0.3615463624137785	0.01137681768848326	0.26024063169652967	4.369559970416369E-4	0.0020560306959324383	0.0038159195926898665	0.007292804532520099	0.33518060033051095	0.003956617372802352
150	150	0.34467890431536036	0.2315127891294749	0.0924283019460082	0.002897430388959449	1.7355535821355605E-4	8.166386234461474E-4	0.0015156521395913228	0.0028966424802320855	0.3089500462184749	0.014130039400238993
151	151	0.40479798336028583	0.010700772291180896	0.008856559139125503	0.00567880449009523	3.4015897370952226E-4	0.19851238201592514	0.3229522945986549	0.03029123712579315	0.014789683429744377	0.0030801245754854983
152	152	0.01739778219934833	0.13402662775031235	0.13110297306535218	0.009002681351629946	5.392583693531847E-4	0.0025373991155520645	0.004709322199646397	0.16508364208210324	0.5307173530032345	0.004882960863467831
153	153	0.026814814382052455	0.02614634512587835	0.20206609367798167	0.013875632343170985	8.311469193306469E-4	0.003910836767416324	0.007258373464034237	0.07401382990212237	0.6375569285470983	0.007525998870914761
154	154	0.2508553588595921	0.1410282973864306	0.5338866377566619	0.005056501441837382	3.02883176206561E-4	0.0014251712112395227	0.0026450669042370895	0.0050551264091079915	0.057002362989350214	0.0027425938653366103
155	155	0.033918587308540755	0.010198710635336611	0.21957321128311483	0.005412364843691117	3.241993052908564E-4	0.001525471049238069	0.0028312198238989706	0.0054108930397394955	0.717869732232637	0.0029356104785123846
156	156	0.5034223670620445	0.03714323462221279	0.11286876506388237	0.005972834932111131	3.577713239092751E-4	0.0016834391313131777	0.0031244029464090523	0.10952485216747096	0.2226627291172058	0.0032396036334410316
157	157	0.23827307186728114	0.04015918234982673	0.05541755932521381	0.0038054562472908506	2.2794588083331575E-4	0.0010725650435688986	0.11745013503799416	0.03679284787197054	0.45525455674663196	0.0515466796293886
158	158	0.06774401818233117	0.006624431929835089	0.06643297433316135	0.1254159730624482	2.105791904868786E-4	9.90848695284918E-4	0.15421453740786306	0.0035145709985318855	0.4205697232812504	0.1542823429188069
159	159	0.2991799219279232	0.008420807199116264	0.3749917099836175	0.004468847334689938	2.6768284164105317E-4	0.0012595413334857693	0.002337663762394044	0.10131557362908833	0.2053343956070611	0.002423856380982843
160	160	0.2600962193024916	0.1898446339639394	0.01256905115579642	0.008059245472031155	4.8274679528424123E-4	0.17692980488629806	0.0042158088386594385	0.008057053892254959	0.09085254718133061	0.24889288851191413
161	161	0.016138320185423227	0.41389256430496085	0.013024001168976835	0.33411541484067075	5.00220322772916E-4	0.002353711461367919	0.00436840446922378	0.08074078887045175	0.13033710131087328	0.00452947306527876
162	162	0.02271621971332552	0.3278462171238372	0.5278263402948814	0.011754767662302639	7.041076534993889E-4	0.003313072617464862	0.006148944535701572	0.011751571145808385	0.08156309535791208	0.006375663895267051
163	163	0.195483937545923	0.13812328044490166	0.5309835229965177	0.013088466191534028	7.839958630217492E-4	0.0036889745667071415	0.00684660513769633	0.013084906997573956	0.09081726213036685	0.007099048125757715
164	164	0.04571549011294332	0.582873975446403	0.01137681768848326	0.007294788230673165	4.369559970416369E-4	0.0020560306959324383	0.0038159195926898665	0.007292804532520099	0.33518060033051095	0.003956617372802352
165	165	0.03530903393503113	0.5095888907566172	0.02849521474116349	0.09746440994456249	0.001094432143423106	0.005149685773230437	0.009557633004771063	0.09745944142819868	0.2059712232549716	0.009910035018030783
166	166	0.14615890138815835	0.2852469011577531	0.005567587724586904	0.2666165595887064	2.1383755211058366E-4	0.0010061804256242261	0.0018674349597583445	0.0035689531207108416	0.2878173544347399	0.0019362896478512972
167	167	0.038345763253385116	0.467411418661909	0.030945926199214248	0.2778554022215672	0.0011885580315172746	0.005592580976669129	0.010379630695590367	0.019837057868750094	0.13768132128837865	0.0107623408030189
168	168	0.014557543442828393	0.3733510623351844	0.10970002980921979	0.007532967327479418	4.5122286558236336E-4	0.0021231612991354223	0.003940511596368675	0.1381332553640411	0.34612444271897347	0.004085803241187051
169	169	0.012875918413407423	0.012554933323533753	0.18366473823952592	0.006662791225759431	3.990995339508741E-4	0.0018779028050669765	0.263395677785738	0.06441883654465536	0.4216573447892092	0.03249275733915311
170	170	0.17467337832247365	0.010198710635336611	0.008441024762215454	0.005412364843691117	3.241993052908564E-4	0.001525471049238069	0.0028312198238989706	0.02887002487539498	0.764787995903948	0.0029356104785123846
171	171	0.03271798704805627	0.031902356995432576	0.09978616124957773	0.016930296545006714	0.0010141205437503588	0.004771791625342426	0.008856274953190647	0.31045361998442106	0.48438457404690893	0.009182817008313297
172	172	0.04195398723643592	0.13500518235338368	0.0338578471942897	0.021709570460890695	0.0013003978602417604	0.006118826462352344	0.01135632353551534	0.11580073726379102	0.6211220820902477	0.011775045542851947
173	173	0.06119434543411704	0.018400041721202274	0.015228906216470925	0.00976473816104089	5.849053823203863E-4	0.002752184266628157	0.04743183571899776	0.4330008822460204	0.40634586829101565	0.005296292562186579
174	174	0.13605105760136782	0.04090811198845177	0.5984402693838812	0.11580664082582262	0.0013003978602417604	0.006118826462352344	0.01135632353551534	0.021703666898859098	0.0565396599006561	0.011775045542851947
175	175	0.1809245818049264	0.09640757168033352	0.12237288332625705	0.09068081225887438	3.87897470601813E-4	0.0018251931815364984	0.0033874934044749016	0.006474016722302647	0.21334370706497358	0.28419584308571927
176	176	0.07098912021506099	0.2943562446699289	0.2452574603680194	0.019651400688983505	2.206664421355828E-4	0.0010383127401034967	0.12966684314711446	0.2112600565424932	0.025561770238890537	0.001998124947270002
177	177	0.42928842356619457	0.26108424414513637	0.09154027518558347	0.17281497331775275	2.9016429324471815E-4	0.0013653244212547884	0.0025339933979348045	0.025839198996465838	0.012615977738013628	0.0026274249384190744
178	178	0.23535713153400506	0.05233709920756433	0.0054827512961890335	0.0035155269885035786	2.105791904868786E-4	9.90848695284918E-4	0.032314091333918424	0.04922723827626112	0.6186579481514105	0.001906785326376118
179	179	0.29898291717128106	0.25067054229080676	0.12875721645612925	0.1977238493785599	3.3198744247157924E-4	0.0015621169568720433	0.002899233320588993	0.005540877208662692	0.03845707867733364	0.07507418109729413
180	180	0.012514512695098347	0.48936439960326567	0.010099503919705008	0.06261246740723637	3.87897470601813E-4	0.0018251931815364984	0.0033874934044749016	0.006474016722302647	0.40982212102643967	0.0035123945693391586
181	181	0.018104224466742133	0.058258208253837214	0.5018742020752323	0.2936053789626373	5.611551203753476E-4	0.0026404309827138903	0.004900545667930234	0.00936569044257845	0.06500362319068989	0.045686540837263465
182	182	0.13212757983164392	0.25897999441819347	0.004153635115873811	0.11810032011065315	1.5953105895694133E-4	7.506493935104961E-4	0.0013931784839615027	0.002662576638645038	0.4802279882124049	0.0014445467361566934
183	183	0.01739778219934833	0.17304747996585765	0.053061268634261596	0.3601903512915376	5.392583693531847E-4	0.0025373991155520645	0.004709322199646397	0.009000233219922053	0.3746339441410534	0.004882960863467831
184	184	0.2994089066317699	0.4388652574767878	0.10275154704610913	0.003221042133803377	1.929396210805829E-4	9.078483556444971E-4	0.0016849341473104892	0.003220166224163546	0.06423338234787634	0.08551397601545424
185	185	0.02271621971332552	0.022149924743742666	0.12023128378808866	0.7759954986125389	7.041076534993889E-4	0.003313072617464862	0.006148944535701572	0.011751571145808385	0.030613713294562993	0.006375663895267051
186	186	0.3146290417855232	0.14387052391572094	0.36433214148570364	0.03804906136605457	2.3572197796760137E-4	0.001109154298576011	0.0020585507928581365	0.10627556442543337	0.027305787788804103	0.0021344521633583917
187	187	0.09334680749785816	0.09311343611096812	0.049547573177041414	0.004844165283584541	2.9016429324471815E-4	0.0013653244212547884	0.21249750344064508	0.10982460301354995	0.4325429978234342	0.0026274249384190744
188	188	0.1755643659033728	0.225947452997139	0.018332519661390483	0.11365353178900083	7.041076534993889E-4	0.003313072617464862	0.006148944535701572	0.011751571145808385	0.4382087698013557	0.006375663895267051
