0	0	0.005921381102265282	0.021114915568088276	0.009698508396155053	0.030121653722072622	0.004312639912203488	0.005610872573925037	0.008768845987608603	0.012879247948649484	0.16765008260625916	0.026756307663951574	0.01356651636536791	0.00577248928887188	0.5482674607530023	0.008206360216384675	0.11040251919473104	4.187976920762607E-4	0.007347721894310304	0.006044998907258029	5.061849044580926E-4	0.006632495302360981
1	1	0.006247439164974173	0.022277598453295383	0.010232552195093525	0.03178028840350695	0.11467917183204618	0.005919832630703102	0.009251698363690003	0.12371749610700307	0.3971397723449055	0.08329416036574222	0.014313550202137523	0.006090348693972042	0.027812258197220455	0.008658239578282536	0.00635272350513031	4.418585898274797E-4	0.0077523207412357265	0.06144239314289968	5.340577379186768E-4	0.062062239750415485
2	2	0.15144989935879244	0.1621682501730267	0.00684185866024922	0.02124946321241458	0.0030423722418535647	0.003958216618823878	0.006186023913171687	0.009085726434994746	0.00781506964890521	0.01887536390435816	0.009570563193057968	0.004072229895467373	0.4972323504264117	0.005789215663086437	0.004247663290746335	2.9544281443941547E-4	0.005183485194034578	0.07790078961016347	3.5709053710022244E-4	0.0046789252089023264
3	3	0.0026287151333735585	0.44959088836801425	0.027474845539053976	0.19872670743911183	0.0019145367619833077	0.0024908691725423434	0.003892807733829264	0.005717563758247777	0.004917951174565433	0.011878092231307522	0.16820795643252612	0.0025626166748647927	0.10437978375658508	0.0036430999657280044	0.0026730152907608186	1.8591943534281659E-4	0.003261919374181905	0.0026835935458801507	2.2471377802810172E-4	0.0029444044340728955
4	4	0.09987739276275345	0.4444397625359141	0.008781847328674404	0.027274685288647953	0.0039050278399030353	0.00508055716530498	0.007940052590186649	0.153435469623773	0.05728884689396607	0.02422741718479274	0.10679994290605685	0.005226898567348591	0.0238692166623667	0.007430730541303488	0.005452075579940476	3.792147455244743E-4	0.006653246999814195	0.005473651755211092	4.5834249654234585E-4	0.0060056205319753714
5	5	0.13950112405250448	0.2132816978180696	0.0031950953484653267	0.21624889504110334	0.0014207644268834207	0.00184845670380476	0.03727641877278045	0.004242964333440752	0.003649577391626509	0.008814649703565828	0.004469379368795543	0.0019017000267022915	0.16342849519882813	0.002703519168534872	0.001983626072394804	1.3796952100710253E-4	0.19155241032659823	0.001991476122010188	1.6675853313057864E-4	0.002185022069753839
6	6	0.0011327487011414414	0.004039242327320086	0.001855305814474804	0.03571413764369713	8.249996368533658E-4	0.001073349022908234	0.3011967012547918	0.1023035211291663	0.1818307541280351	0.025086378879015304	0.12240294344563038	0.0011042659864978174	0.0050427540815985075	0.0015698607665452172	0.0011518382346948095	8.01151848778884E-5	0.0014056049236460119	0.1608999901753332	9.683218883563445E-5	0.05118865647493705
7	7	0.13059444565717676	0.05340716653935847	0.1438525681737507	0.08326964355918838	0.026314034813875405	0.0036056301068247247	0.02333638378070562	0.010570281192402243	0.039758565444379015	0.07980408821589559	0.07898131596886067	0.08826200913360122	0.034200635965204	0.07539132542081654	3.755974554222062E-4	2.6124379860325973E-5	0.05905962988656344	0.0036327106792680337	3.15755482272764E-5	0.06552626807861944
8	8	0.002217661362203987	0.4770197169688902	0.0036322619621520264	0.20674434312730672	0.001615159493573835	0.0021013704574230816	0.0814693886635582	0.004823504864268628	0.004148928182660411	0.010020707783677037	0.06371987519087184	0.00216189875952592	0.12715050481549486	0.0030734262263987814	0.002255034277256674	1.5684710108295906E-4	0.002751851073898711	0.002263958404241698	1.8957514899998372E-4	0.0024839861365144136
9	9	0.004336944644338942	0.13014166846110065	0.236456708726184	0.060287288394603726	0.0031586686023363716	0.0041095216368092265	0.006422488096306351	0.009433033349709614	0.008113805005671942	0.05782243782831748	0.04816195596700693	0.1571301039587077	0.17220935748919292	0.0060105116315432175	0.004410032567744885	3.0673627931443296E-4	0.005381626780520876	0.004427484936890477	3.707405202470269E-4	0.08130888512345325
10	10	0.004336944644338942	0.053690563048730926	0.007103392489074844	0.060287288394603726	0.0031586686023363716	0.08056062704917895	0.006422488096306351	0.1241096914682642	0.008113805005671942	0.05782243782831748	0.009936403260822077	0.004227893133968263	0.5162393318448566	0.0060105116315432175	0.004410032567744885	3.0673627931443296E-4	0.005381626780520876	0.04265303764307534	3.707405202470269E-4	0.004857779711083519
11	11	0.0038907647457687004	0.013873987788215835	0.0063726036042277496	0.019792049584725788	0.002833708393668025	0.0722726419921235	0.005761749875651626	0.41997799309271766	0.007279066038188247	0.22333848972799067	0.008914157471991544	0.0037929323299049408	0.051613801142787796	0.005392157077809692	0.00395633346731106	2.7517960215670825E-4	0.0048279711800948985	0.003971990356704482	3.3259916007642433E-4	0.1415298233678846
12	12	0.004177266330071041	0.014895617144305272	0.04366001691742957	0.20534025449831633	0.0030423722418535647	0.003958216618823878	0.006186023913171687	0.009085726434994746	0.302360335706348	0.01887536390435816	0.009570563193057968	0.3354356542100906	0.018596293083067036	0.005789215663086437	0.004247663290746335	2.9544281443941547E-4	0.005183485194034578	0.004264473095802762	3.5709053710022244E-4	0.0046789252089023264
13	13	0.0020202217988431127	0.11404049640294614	0.0033088797596020035	0.2951744193061892	0.019277466712597564	0.1443631301150305	0.10982833737015273	0.004394065676437095	0.021585652635912573	0.009128558872623356	0.058046861019496326	0.001969423770158291	0.08021801671334515	0.12744253752252294	0.002054267383512863	1.428829207621812E-4	0.0025068523181262154	0.0020623969907550043	1.7269717327269296E-4	0.002262835537714037
14	14	0.002973143843860321	0.11542226340721137	0.05727985054796227	0.0675343752524754	0.0021653898954162734	0.21245803397810056	0.004402864807307213	0.006466710399273061	0.005562328178291428	0.24928032229552724	0.006811790006033099	0.0553085841595801	0.03944089790902845	0.004120438954437571	0.003023248451448191	2.1027962201978562E-4	0.0036893139859059307	0.0030352127277166754	2.5415701279028736E-4	0.16056079456561476
15	15	0.17595577484145952	0.006405467097395191	0.002942160778481711	0.23079525489828778	0.0013082919025393868	0.0017021266101708542	0.03432549120269992	0.003907076905339387	0.00336066448371709	0.10311291673109857	0.004115568159598631	0.0017511550112858307	0.10299290968833522	0.018322176859722972	0.14432069234533706	1.2704738640365826E-4	0.16055579528674468	0.0018338241268059665	1.535573628153513E-4	0.002012048321761199
16	16	0.007483698103597679	0.026685945536266215	0.012257395299935225	0.10402988805002651	0.005450501255544923	0.07305210039742696	0.011082447651123442	0.2141598611113271	0.014000932018620193	0.29765912712189807	0.017145951433034816	0.00729552217600755	0.033315817638404834	0.01037155375209728	0.0076098163731732225	5.292946763354237E-4	0.009286369422359409	0.13956160450617655	6.397384232056288E-4	0.008382435053438936
17	17	0.010165904308729526	0.036250362448377364	0.016650525711814766	0.14131487835619788	0.007403996450878025	0.00963281921732344	0.015054469163268903	0.47011941271430263	0.10862058773141853	0.04593557797902943	0.023291172243648055	0.009910284901505173	0.045256423948514014	0.014088786254750003	0.010337224188598969	7.189973401197414E-4	0.01261466478422401	0.010378132968683654	8.690248461251347E-4	0.011386754442490727
18	18	0.004177266330071041	0.27262272494456774	0.00684185866024922	0.02124946321241458	0.0030423722418535647	0.003958216618823878	0.006186023913171687	0.08272204294935546	0.00781506964890521	0.01887536390435816	0.009570563193057968	0.07770854640982808	0.23950524262614917	0.005789215663086437	0.004247663290746335	2.9544281443941547E-4	0.22609243473711674	0.004264473095802762	3.5709053710022244E-4	0.0046789252089023264
19	19	0.005627669249366827	0.020067575282403046	0.009217443789403737	0.028627561959647288	0.004098724706000574	0.005332562539221444	0.008333894418317375	0.06184232938392538	0.010528566691618129	0.1246329771582511	0.012893591149065744	0.005486162755316653	0.6202761774106913	0.007799309019530545	0.005722508979357063	3.980245237891768E-4	0.056585177624825275	0.005745155374278762	4.810771629312489E-4	0.006303510822059333
20	20	0.39030025343988906	0.01118824272341223	0.005138986497072624	0.09892410710603375	0.0022851553424789004	0.00297305494993716	0.004646382648191053	0.00682437737815429	0.005869974723789904	0.01417746917155627	0.0071885429765241055	0.00305869142947481	0.20754919042903627	0.004348336117215091	0.0031904611567145935	2.2190996766454466E-4	0.22512917643488348	0.0032030871645719753	2.6821417096090815E-4	0.003514386172438983
21	21	0.004509315730462568	0.01607966440162827	0.2061098177205377	0.18191785714983555	0.0032842093187483296	0.0042728538363359094	0.0066777487324367725	0.00980794756634649	0.20716038890117172	0.0601205802368891	0.010331323824188249	0.004395929987394094	0.02007450574173477	0.006249398337058387	0.0045853085202602105	3.189274576565323E-4	0.005595518570558184	0.004603454530683651	3.854755356520387E-4	0.24351977390042143
22	22	0.0016171018001877836	0.020019417649826253	0.059660745150769766	0.05098517987050465	0.0011777620195595891	0.18682171724762092	0.11641898599652004	0.08903545409119963	0.003025366878540062	0.16409037412450922	0.03221101656704441	0.0015764401343849213	0.07846414930462395	0.03074718270664782	0.0016443538456262727	1.1437171330045385E-4	0.15878997909079337	0.0016508612511565042	1.382367569474489E-4	0.0018113038002370505
23	23	0.0023078826112395597	0.00822962508843418	0.003780033491491415	0.0727646274590721	0.08304698802061851	0.0021868606366661127	0.08478381264580488	0.005019739799412638	0.1467084273449238	0.33589285642355227	0.005287605488312785	0.002249851415281728	0.010274198015809788	0.003198462608278478	0.0023467759708171053	1.632281210206693E-4	0.14525451286509197	0.0023560631585907888	1.9728764605674135E-4	0.08395116118952443
24	24	0.004336944644338942	0.4741716428167644	0.007103392489074844	0.21318949921934316	0.0031586686023363716	0.0041095216368092265	0.04464804080249121	0.009433033349709614	0.008113805005671942	0.09604799053450233	0.009936403260822077	0.004227893133968263	0.09575825207682319	0.0060105116315432175	0.004410032567744885	3.0673627931443296E-4	0.005381626780520876	0.004427484936890477	3.707405202470269E-4	0.004857779711083519
25	25	0.004898712638844788	0.060645145687258616	0.1807312602577249	0.02491941039477662	0.0035678135353618095	0.004641831342745211	0.09360827800220109	0.010654901891170064	0.009164792818439514	0.2811969249903488	0.01122347371945003	0.004775535596953033	0.02180801719677116	0.006789058129620728	0.004981267700875143	3.4646808098674113E-4	0.0060787133083875415	0.005000980689700788	4.187628437076418E-4	0.2645486511746757
26	26	0.22828433851762317	0.14135110130267256	0.005963585692955283	0.11479741971728745	0.0026518302226227687	0.0034501098560805517	0.005391938877545616	0.007919413549514424	0.10308756699636665	0.1127280778366318	0.008342012977152896	0.003549487522174188	0.080392930975735	0.06922986733133271	0.06788620033539775	2.5751752977796273E-4	0.004518093646451351	0.03580895261532368	3.112516823115773E-4	0.004078302815042562
27	27	0.0020202217988431127	0.1318466021254765	0.0033088797596020035	0.25956220786112855	0.0014713609900672134	0.001914284334787695	0.05641002020256169	0.14684291145667988	0.12842228697109467	0.009128558872623356	0.004628543851905281	0.001969423770158291	0.04460580526828444	0.12744253752252294	0.002054267383512863	1.428829207621812E-4	0.0025068523181262154	0.0020623969907550043	1.7269717327269296E-4	0.07348725842783542
28	28	0.003421439683634359	0.012200432431820462	0.0056039057317171315	0.01740462564417032	0.09296094279255644	0.00324202441165266	0.09553578809326015	0.007441772327408219	0.03655737630786414	0.22655454512651207	0.007838883642092797	0.0033354083422775962	0.19616961831247332	0.0650544270374721	0.0034790991517721264	2.4198595198272828E-4	0.21534004897964734	0.0034928674225860293	2.9247925263703033E-4	0.0038323293564629744
29	29	0.06826825911395933	0.008572283699712007	0.1540581871866647	0.1777043394094914	0.00272593159395638	0.05062816322217699	0.023083905154473307	0.01572858529079525	0.01815956290532062	0.0038086982219799398	0.13158393121694145	0.08336831812662572	0.00630748716454655	0.00794952662161674	0.012879852256352851	2.0204369886831134E-5	3.544816358519471E-4	0.05568485447369968	2.442025644911929E-5	0.17908900807949923
30	30	0.003421439683634359	0.012200432431820462	0.0056039057317171315	0.04756097618198834	0.3040553965572826	0.12386742656292472	0.035223087017624125	0.037598122865226236	0.03655737630786414	0.015460091361785949	0.007838883642092797	0.0033354083422775962	0.10570056669901927	0.00474172596183607	0.21457355291649824	2.4198595198272828E-4	0.0042455952149212	0.03364921796040405	2.9247925263703033E-4	0.0038323293564629744
31	31	0.0066114982008193355	0.023575788127445808	0.010828837006839499	0.033632231391592014	0.004815263623111014	0.006264800945397754	0.009790825564015318	0.014380281081355627	0.012369170371316946	0.20469463236341479	0.13169429287311776	0.006445253546174388	0.26252625997664714	0.009162783963549713	0.006722917809259754	4.6760715783184865E-4	0.24129736332050183	0.006749523246190273	5.651790565931142E-4	0.007405490374826034
32	32	0.00131680612598316	0.07433303826320206	0.1646441992966837	0.0647297260143156	9.590517072742552E-4	0.012853999718805345	0.0019500298857421108	0.002864107596511509	0.13013225118557784	0.029162600101270923	0.003016943437626913	0.024496185272431047	0.3772619773373851	0.025037433351527846	0.012945242440867179	9.31328953413684E-5	0.07127146788728214	0.0013442964496228203	1.125662023029767E-4	0.0014749448302461574
33	33	0.0020202217988431127	0.16745881357053718	0.0033088797596020035	0.028082833468233998	0.0014713609900672134	0.1799753415600912	0.0029917030349706445	0.004394065676437095	0.09281007552603397	0.0625468760402144	0.04024075529696598	0.001969423770158291	0.13363633388093618	0.26989138330276574	0.002054267383512863	1.428829207621812E-4	0.0025068523181262154	0.0020623969907550043	1.7269717327269296E-4	0.002262835537714037
34	34	0.002512298597640847	0.45182333039684225	0.0041148422339421864	0.012779888187847964	0.0018297486712033904	0.0023805573489638636	0.003720408988566854	0.005464352994892112	0.004700152436552018	0.16635472743623042	0.18290185757282634	0.0024491274070810387	0.14404364903567746	0.003481759898121012	0.0025546368570689244	1.776857183024252E-4	0.003117460452573944	0.0025647466385223753	2.1476199617189573E-4	0.0028140071309726167
35	35	0.004695955644314222	0.05813505204042723	0.007691409226629574	0.10666770506479259	0.003420142258680018	0.004449706627221021	0.17251355055996806	0.1757733078625281	0.09156516878925004	0.10399881489478507	0.17631834658658743	0.0045778768820421145	0.020905386577366025	0.04789791271146475	0.004775093764487683	3.321278181502154E-4	0.005827116259961311	0.004793990835609602	4.0143031129127665E-4	0.005259905284443597
36	36	0.0017411878279222188	0.05224901575023376	0.002851855754044671	0.02420401949749135	0.0012681359283677205	0.0016498824954879927	0.01792520577530264	0.14190761863671023	0.003257514142462328	0.007867718091441852	0.29557689207514	0.0016974060464964834	0.06913826707608188	0.002413088141691778	0.0017705310206624475	1.231478655420672E-4	0.002160604714402914	0.07851112851138652	1.4884415968146827E-4	0.2935379364894498
37	37	0.003761762796201482	0.013413982727540286	0.006161313962606912	0.01913582564182681	0.0027397541375836104	0.0035645014800253024	0.03872665034665153	0.20711760923417843	0.040193658470571846	0.18277755621815753	0.008618600231249428	0.0036671741057238494	0.4477737374408884	0.0052133750591418695	0.003825157525363862	2.660557646905771E-4	0.0046678952733303185	0.003840295295923871	3.215715233834222E-4	0.004213522764960664
38	38	0.0012178624559413824	0.0043427474919507155	0.023463035469458424	0.01692934338051478	8.869893939198891E-4	0.0011539995374120332	0.09841096246630023	0.0026489010361822117	0.0881517413366199	0.15578128913960732	0.27114429774315624	0.08706053391670918	0.04835830941988968	0.0016878187427663638	0.0012383863604867181	8.613497037362748E-5	0.0015112208583155833	0.033445772558715156	1.0410807550757923E-4	0.16237654564617307
39	39	0.0024057561309333334	0.2842329786734632	0.003940338517652993	0.3303006240763501	0.0017521520284046932	0.002279601812732828	0.003562632539869658	0.005232618738628509	0.30135935601130587	0.010870631376701119	0.0055118441724524994	0.0023452639270486807	0.010709909917680739	0.00333410416628346	0.0024462988941573345	1.701503581567746E-4	0.0029852540632569076	0.0024559799363459	2.056542918374389E-4	0.02389885036673802
40	40	0.004177266330071041	0.08853193365866599	0.00684185866024922	0.05806762146959493	0.0030423722418535647	0.003958216618823878	0.006186023913171687	0.009085726434994746	0.00781506964890521	0.01887536390435816	0.009570563193057968	0.004072229895467373	0.5708686669407724	0.04260737392026679	0.004247663290746335	2.9544281443941547E-4	0.005183485194034578	0.15153710612452417	3.5709053710022244E-4	0.0046789252089023264
41	41	0.0016893362920537348	0.39315621786502936	0.002766929189229978	0.0979317483659299	0.016120073625132635	0.15049777026776853	0.002501701800721782	0.0036743760616401956	0.003160507312589448	0.007633422135382744	0.01876015185426935	0.0016468583059874532	0.08196907271393279	0.12145884404670235	0.016607507690977182	1.194805954952156E-4	0.0765447733384841	0.0017246037475192135	1.4441166930864743E-4	0.001892213121845496
42	42	0.005361717770498296	0.019119225070765935	0.008781847328674404	0.07453252278477553	0.0039050278399030353	0.00508055716530498	0.14971356507856937	0.058919794631517836	0.010031009397838497	0.11874309217704788	0.15405778040218443	0.005226898567348591	0.16564272915074943	0.007430730541303488	0.005452075579940476	3.792147455244743E-4	0.006653246999814195	0.005473651755211092	4.5834249654234585E-4	0.19503697051648566
43	43	0.0011215511628172926	0.003999313285057566	0.2786248116212712	0.005705252739947167	8.168442842656599E-4	0.0010627386670481111	0.1301695238051768	0.0716363815103073	0.0020982622987504623	0.16323231600654106	0.012454873683679507	0.17902839388078318	0.004992905044445732	0.05098074332880079	0.01102573220614864	7.932322382588063E-5	0.08047395184643462	0.0011449652431711982	9.58749755151463E-5	0.0012562411860127442
44	44	0.002569188758758115	0.009161410620725953	0.004208021459485255	0.08100328066628211	0.1603838404864191	0.00243446427358605	0.0717386525918754	0.050877422231149834	0.0953852473979563	0.05689844759827742	0.0285309511689878	0.0025045870777254415	0.30581812703924177	0.003560603186001581	0.1158358127316175	1.817093519389503E-4	0.003188054301406318	0.002622824467976057	2.1962520971488712E-4	0.002877729380874163
45	45	0.14140996678866397	0.4813143397312818	0.005138986497072624	0.12657858340061431	0.0022851553424789004	0.00297305494993716	0.004646382648191053	0.00682437737815429	0.03352445101837047	0.01417746917155627	0.0071885429765241055	0.00305869142947481	0.15224023783987514	0.004348336117215091	0.0031904611567145935	2.2190996766454466E-4	0.003893366078238931	0.0032030871645719753	2.6821417096090815E-4	0.003514386172438983
46	46	0.00305315199625691	0.010887163907224672	0.08573155414890585	0.15008260388385974	0.029133947574493096	0.002893049189701504	0.004521347160326242	0.033551017845079065	0.16717373052343634	0.22907824074978173	0.006995097226106458	0.24516895891813148	0.01359197735150852	0.004231321146864373	0.00310460493318577	2.1593830687595178E-4	0.003788594481948118	0.003116891171555409	2.60996450799309E-4	0.0034198130339594536
47	47	0.028433149992960014	0.08693892064684051	0.004745300127419451	0.14241760670918474	0.05318195092793192	0.0027452957972935606	0.15750600238781085	0.03183750508387318	0.2352436421953857	0.013091364669783554	0.032173772762593575	0.0028243718558691668	0.19164930679419748	0.004015219721405656	0.0029460469962528124	2.0490993670328931E-4	0.0035951039290883493	0.002957705753622298	2.476668775762524E-4	0.0032451568342076113
48	48	0.07505036657076976	0.014366663069774717	0.006598899340024977	0.02049487949568076	0.0029343354161230953	0.0038176575007881483	0.005966353756351997	0.04427380474251759	0.007537550906748973	0.018205086160996968	0.4353593334418207	0.003927622084004113	0.053446644330955057	0.005583636452526746	0.00409682571328261	2.849514276795021E-4	0.07602085387941693	0.14615591453302437	3.444099953847905E-4	0.07553421118212816
49	49	0.02481733210614305	0.028235769634187478	0.025667158966290578	0.5117060203800026	0.047940440087362535	0.048232533231386716	0.013715459844695653	0.026382802813194065	0.0024924848827134827	0.12344529622665888	0.0030523699914936477	0.0012987691612970094	0.13509882295816514	0.0018463728631046101	0.0013547206889608949	9.42265113145506E-5	0.0016531853286439028	0.001360081893258079	1.138880144986329E-4	0.0014922644166286846
50	50	0.039022096391632156	0.007469881051229901	0.04035834097711145	0.047583492590180326	0.0015256943394855035	0.00198497363561198	0.003102178470606187	0.17072905643685524	0.11470093520606905	0.009465651661041663	0.023263100010891075	0.00204214921998268	0.23088934258203025	0.0029031863510069855	0.0021301258766362277	1.4815919742853674E-4	0.20569942674534297	0.09445673896379637	1.7907440899004576E-4	0.002346395884071408
51	51	0.004336944644338942	0.015465010342546064	0.007103392489074844	0.21318949921934316	0.0031586686023363716	0.0041095216368092265	0.006422488096306351	0.009433033349709614	0.008113805005671942	0.2871757540654266	0.009936403260822077	0.004227893133968263	0.019307146664453476	0.0060105116315432175	0.004410032567744885	3.0673627931443296E-4	0.38763715384236946	0.004427484936890477	3.707405202470269E-4	0.004857779711083519
52	52	0.0018858996823397974	0.15632467855684234	0.0030888763259100983	0.12594883473568375	0.0013735319683036533	0.0017870058727965062	0.0027927883000456125	0.18694610050429397	0.0035282493869820074	0.1913658029448085	0.17054278932916728	0.0018384791534577442	0.12475101484373424	0.0026136423003284104	0.0019176816170513836	1.333828072895208E-4	0.01896237390280274	0.0019252706964902257	1.6121474602563931E-4	0.0021123823256465678
53	53	0.0018550644318637542	0.006614931242507281	0.003038371902959675	0.2056416147501066	0.0013510741447639893	0.01810820683093286	0.051798382800548375	0.020385260849619065	0.003470561030274424	0.40079234212964654	0.020600569942713906	0.001808419248510139	0.024608767928567643	0.002570908152939712	0.03458716522534772	1.3120194246914638E-4	0.0023019118860880504	0.0018937917134263928	1.585788173382954E-4	0.19828287502937647
54	54	6.707043397202339E-4	0.2684111809084253	0.17253334227009756	0.28716599362855527	4.884850771822492E-4	6.355335892008536E-4	0.0128163219438444	0.0842204417150103	0.007166337333302073	0.00303063953411761	0.0015366552572772042	6.538396279803381E-4	0.10939364450111591	0.04231033593948109	6.820073171454802E-4	4.7436472115079586E-5	0.006743808584891621	6.847063093356682E-4	5.733466673696032E-5	7.512509844647188E-4
55	55	0.005627669249366827	0.020067575282403046	0.009217443789403737	0.12783139560112422	0.004098724706000574	0.005332562539221444	0.008333894418317375	0.012240412563186904	0.20893623397457203	0.17423489397898956	0.2609031752527581	0.055088079576055125	0.07465509238256807	0.007799309019530545	0.005722508979357063	3.980245237891768E-4	0.0069832608040868065	0.005745155374278762	4.810771629312489E-4	0.006303510822059333
56	56	0.003761762796201482	0.013413982727540286	0.006161313962606912	0.01913582564182681	0.0027397541375836104	0.06987637485016976	0.03872665034665153	0.04133792580881726	0.007037721785499618	0.2822453662733742	0.008618600231249428	0.0036671741057238494	0.48092967412596066	0.0052133750591418695	0.003825157525363862	2.660557646905771E-4	0.0046678952733303185	0.003840295295923871	3.215715233834222E-4	0.004213522764960664
57	57	0.008620994061991814	0.030741402822782274	0.014120148973597453	0.043854397038558986	0.006278812735155973	0.08415381206244668	0.012766644788455597	0.018751017401286856	0.0921135408522892	0.03895475827480671	0.01975161790937735	0.008404221079983839	0.19034859566828516	0.1639174970346377	0.008766278497316211	6.097314721364761E-4	0.010697616945442554	0.2367556411816099	7.369593309800124E-4	0.009656311868859168
58	58	0.009329927585802896	0.03326937243665017	0.01528129662044748	0.04746069255431912	0.006795140760169783	0.008840679885957933	0.013816489204545254	0.02029297703445077	0.017454964117897567	0.04215813990973003	0.02137586030935758	0.2557954836376572	0.2060016050207159	0.01293021767043371	0.09172054425534899	6.598717550333141E-4	0.011577318198335136	0.17399147397128767	7.975619913762785E-4	0.01045038308048316
59	59	0.0038907647457687004	0.013873987788215835	0.0063726036042277496	0.36272156576123904	0.002833708393668025	0.0036867387568208566	0.005761749875651626	0.008462573680901765	0.2816226789793988	0.017580780022082725	0.0775000607072942	0.0037929323299049408	0.1887856076133931	0.005392157077809692	0.00395633346731106	2.7517960215670825E-4	0.0048279711800948985	0.003971990356704482	3.3259916007642433E-4	0.004358016897279333
60	60	0.003641040681885127	0.012983502539393675	0.005963585692955283	0.2752569181713861	0.0026518302226227687	0.0034501098560805517	0.005391938877545616	0.16837891200361305	0.006811867923907467	0.17691187721827126	0.07252581235879235	0.003549487522174188	0.17666863004819416	0.005046067949693267	0.0037024009537583004	2.5751752977796273E-4	0.004518093646451351	0.0679008523061434	3.112516823115773E-4	0.004078302815042562
61	61	0.004336944644338942	0.39772053740439467	0.007103392489074844	0.022061735688418866	0.0031586686023363716	0.0041095216368092265	0.006422488096306351	0.009433033349709614	0.008113805005671942	0.05782243782831748	0.009936403260822077	0.004227893133968263	0.43978822643248694	0.0060105116315432175	0.004410032567744885	3.0673627931443296E-4	0.005381626780520876	0.004427484936890477	3.707405202470269E-4	0.004857779711083519
62	62	0.005627669249366827	0.020067575282403046	0.009217443789403737	0.12783139560112422	0.004098724706000574	0.005332562539221444	0.008333894418317375	0.012240412563186904	0.010528566691618129	0.323040644441205	0.012893591149065744	0.005486162755316653	0.025053175561829594	0.007799309019530545	0.005722508979357063	3.980245237891768E-4	0.0069832608040868065	0.005745155374278762	4.810771629312489E-4	0.40311884538796716
63	63	0.19024378169382952	0.007610396649772784	0.0034956093273440583	0.29302100242813023	0.18966394709663603	0.0020223128859409977	0.021971488710059075	0.004642035395496934	0.003992837577495559	0.12250944140479098	0.004889745846397029	0.11494629579115187	0.00950112809737947	0.0029577980596801924	0.0021701955792826897	1.509462134684878E-4	0.002648321178817962	0.00217878396356012	1.8244296969273678E-4	0.021201489131073295
64	64	0.0637341407592704	0.10266948404527451	0.03576025626953515	0.04756097618198834	0.0024918911791023844	0.00324202441165266	0.005066736479806107	0.007441772327408219	0.03655737630786414	0.015460091361785949	0.5204968427849991	0.0033354083422775962	0.015231515085565216	0.00474172596183607	0.09394815076522618	2.4198595198272828E-4	0.0042455952149212	0.03364921796040405	2.9247925263703033E-4	0.0038323293564629744
65	65	0.004509315730462568	0.01607966440162827	0.12662017685153418	0.10242821628083203	0.04302902975325009	0.08376249470533942	0.0066777487324367725	0.08929758843535002	0.008436286728662935	0.0601205802368891	0.010331323824188249	0.004395929987394094	0.02007450574173477	0.006249398337058387	0.0045853085202602105	3.189274576565323E-4	0.005595518570558184	0.004603454530683651	3.854755356520387E-4	0.4024990556384285
66	66	0.002691065305562131	0.08075263982462462	0.004407640550379597	0.013689261994404654	0.02567882490878362	0.0025499497932743097	0.21745503811867595	0.0058531779525360685	0.05247235442375557	0.10703533718130201	0.24335429279468032	0.0026233990658141213	0.22544994247882594	0.0037295102074767234	0.0027364162129549776	1.9032923565158954E-4	0.0033392884401804994	0.002747245372411479	2.3004373659809554E-4	0.0030142424021077354
67	67	0.002691065305562131	0.2467847822119554	0.004407640550379597	0.10856477193002223	0.001959947424879221	0.04998770476108311	0.0039851407635363555	0.0058531779525360685	0.09991010939156436	0.012159827245684422	0.12475990537515834	0.0026233990658141213	0.01198004512368635	0.2409182850465207	0.0027364162129549776	1.9032923565158954E-4	0.07449592089189369	0.002747245372411479	2.3004373659809554E-4	0.0030142424021077354
68	68	9.44209439822694E-4	0.04497794260415766	0.018190904456474716	0.1546027567375681	0.2669981349351366	8.946964835476535E-4	0.1179090820220283	0.08527571056132928	0.0017664812229587082	0.029233102435786862	0.0021632846453319807	0.10078688683971349	0.012525619370112581	0.05124177647885542	9.60121634438092E-4	6.678049046413962E-5	0.001171650372435167	9.63921242928841E-4	8.071504887639087E-5	0.10924622297803341
69	69	0.005627669249366827	0.6152905771312647	0.009217443789403737	0.1774333124218627	0.004098724706000574	0.005332562539221444	0.008333894418317375	0.012240412563186904	0.010528566691618129	0.07503106033751263	0.012893591149065744	0.005486162755316653	0.025053175561829594	0.007799309019530545	0.005722508979357063	3.980245237891768E-4	0.0069832608040868065	0.005745155374278762	4.810771629312489E-4	0.006303510822059333
70	70	0.01338924776679461	0.01688989829421555	0.05033432717071869	0.07908977696514323	0.049093401736852324	0.15761696262380528	0.0020203768517750406	0.002967429746228089	0.0145773669399251	0.05426451169346909	0.06325046963358409	0.20575395217246661	0.2225224996565576	0.0018907779018973066	0.001387301553827716	9.649264724723951E-5	0.03776775854413896	0.025442667903085376	1.1662700714897518E-4	0.0015281531911191938
71	71	0.02917824352270919	0.24644776180145575	0.004869651190264532	0.041329275573626534	0.0021653898954162734	0.0028172365473095634	0.1092232635227027	0.006466710399273061	0.1365878265725358	0.013434425185887392	0.03301688968488197	0.002898384801882354	0.32769699437636607	0.004120438954437571	0.003023248451448191	2.1027962201978562E-4	0.0036893139859059307	0.02924031240656555	2.5415701279028736E-4	0.0033301964925215193
72	72	0.005921381102265282	0.021114915568088276	0.009698508396155053	0.18669367664159703	0.16088466283172792	0.005610872573925037	0.06095952029411675	0.012879247948649484	0.06326873399324286	0.026756307663951574	0.01356651636536791	0.00577248928887188	0.3916954378334778	0.008206360216384675	0.0060211705817147555	4.187976920762607E-4	0.007347721894310304	0.006044998907258029	5.061849044580926E-4	0.006632495302360981
73	73	0.07247666798107136	0.18533874587647245	0.0063726036042277496	0.15696385605533109	0.002833708393668025	0.0036867387568208566	0.005761749875651626	0.07704847691620442	0.041572017655839566	0.05187373163973405	0.18037891556024815	0.0037929323299049408	0.1887856076133931	0.005392157077809692	0.00395633346731106	2.7517960215670825E-4	0.0048279711800948985	0.003971990356704482	3.3259916007642433E-4	0.004358016897279333
74	74	0.003421439683634359	0.012200432431820462	0.0056039057317171315	0.01740462564417032	0.0024918911791023844	0.09371107602510671	0.005066736479806107	0.007441772327408219	0.03655737630786414	0.07577279243742198	0.007838883642092797	0.0033354083422775962	0.22632596885029135	0.09521077757529012	0.09394815076522618	2.4198595198272828E-4	0.3058091005931014	0.0034928674225860293	2.9247925263703033E-4	0.0038323293564629744
75	75	0.003226821370868682	0.09682943903352406	0.0052851443975274835	0.07329661018015333	0.0023501474391228938	0.003057611597374796	0.06166052475757185	0.23454644689030485	0.006036922658337103	0.1283446792394412	0.064274986660626	0.003145683663785207	0.2987750878984776	0.004472007132448586	0.0032812010534654054	2.282213084283959E-4	0.0040040972918783755	0.003294186157576613	2.758424494399853E-4	0.0036143388196475073
76	76	0.004177266330071041	0.014895617144305272	0.00684185866024922	0.02124946321241458	0.0030423722418535647	0.003958216618823878	0.006186023913171687	0.5245399420355197	0.00781506964890521	0.055693522161538514	0.1568431962217794	0.004072229895467373	0.16586892611178847	0.005789215663086437	0.004247663290746335	2.9544281443941547E-4	0.005183485194034578	0.004264473095802762	3.5709053710022244E-4	0.0046789252089023264
77	77	0.0066114982008193355	0.023575788127445808	0.010828837006839499	0.033632231391592014	0.004815263623111014	0.006264800945397754	0.009790825564015318	0.24747357017569951	0.012369170371316946	0.26296795463700073	0.015147648325945836	0.006445253546174388	0.20425293770306116	0.009162783963549713	0.006722917809259754	4.6760715783184865E-4	0.00820407422615796	0.006749523246190273	5.651790565931142E-4	0.12395213492199797
78	78	0.004509315730462568	0.01607966440162827	0.007385715548028912	0.06268339584633027	0.0032842093187483296	0.044017674270837664	0.0066777487324367725	0.24827687017335703	0.36613967063917874	0.0601205802368891	0.08982096469319177	0.04414075042189585	0.02007450574173477	0.006249398337058387	0.0045853085202602105	3.189274576565323E-4	0.005595518570558184	0.004603454530683651	3.854755356520387E-4	0.005050851293410899
79	79	0.004028928599295306	0.014366663069774717	0.006598899340024977	0.12702703645289243	0.0029343354161230953	0.21688197141521148	0.005966353756351997	0.008763085756780364	0.007537550906748973	0.2667801190611575	0.009230705612974045	0.003927622084004113	0.017935925345217835	0.005583636452526746	0.03960754469901983	2.849514276795021E-4	0.25357444880810304	0.004113038590075473	3.444099953847905E-4	0.0045127732106537135
80	80	0.0024057561309333334	0.050986991336771356	0.003940338517652993	0.1818713594075462	0.0017521520284046932	0.002279601812732828	0.003562632539869658	0.005232618738628509	0.004500826673698103	0.010870631376701119	0.0055118441724524994	0.0023452639270486807	0.15913917458648463	0.00333410416628346	0.0024462988941573345	1.701503581567746E-4	0.0029852540632569076	0.023660160603317885	0.5303101709661371	0.0026946696997660353
81	81	0.0016893362920537348	0.4378253239519579	0.002766929189229978	0.3063875767715964	0.0012303715961564515	0.001600749978006713	0.002501701800721782	0.0036743760616401956	0.003160507312589448	0.14164074039616836	0.0038704498252931695	0.0016468583059874532	0.03729996662700424	0.002341227814892885	0.0017178056620010017	1.194805954952156E-4	0.04676536928053174	0.0017246037475192135	1.4441166930864743E-4	0.001892213121845496
82	82	0.00275644508891727	0.1313047971900327	0.02880985546642103	0.0383169751166548	0.00200756460375675	0.07549729329501843	0.02837709099203033	0.03029051238871304	0.005156915707815266	0.15822603611447383	0.05490557144575069	0.05127739631450016	0.03656623259864598	0.27106655698554916	0.0028028978025331666	1.949533093101999E-4	0.0034204168893222104	0.0028139900578341725	2.356326792483923E-4	0.07597286595347243
83	83	0.004177266330071041	0.014895617144305272	0.11729633343179027	0.05806762146959493	0.0030423722418535647	0.003958216618823878	0.006186023913171687	0.009085726434994746	0.00781506964890521	0.055693522161538514	0.009570563193057968	0.004072229895467373	0.23950524262614917	0.33715263997770967	0.004247663290746335	2.9544281443941547E-4	0.11563795996557565	0.004264473095802762	3.5709053710022244E-4	0.0046789252089023264
84	84	0.0038907647457687004	0.013873987788215835	0.0063726036042277496	0.15696385605533109	0.31147027295252994	0.0036867387568208566	0.005761749875651626	0.008462573680901765	0.007279066038188247	0.05187373163973405	0.04320710908964286	0.0037929323299049408	0.2916644624663471	0.005392157077809692	0.0725422367026137	2.7517960215670825E-4	0.0048279711800948985	0.003971990356704482	3.3259916007642433E-4	0.004358016897279333
85	85	0.002691065305562131	0.009596007372911433	0.004407640550379597	0.10856477193002223	0.001959947424879221	0.0025499497932743097	0.0039851407635363555	0.21932307530767564	0.005034599455946774	0.2019108471169196	0.24335429279468032	0.02634227654971852	0.03569892260759074	0.0037295102074767234	0.0027364162129549776	1.9032923565158954E-4	0.0033392884401804994	0.002747245372411479	2.3004373659809554E-4	0.1216086298216297
86	86	0.005921381102265282	0.021114915568088276	0.009698508396155053	0.2910750252546133	0.004312639912203488	0.05780154688043318	0.008768845987608603	0.012879247948649484	0.01107805968673472	0.39209102780950855	0.06575719067187605	0.00577248928887188	0.026360717687920813	0.008206360216384675	0.0060211705817147555	4.187976920762607E-4	0.059538396200818446	0.006044998907258029	5.061849044580926E-4	0.006632495302360981
87	87	0.0019177773595916222	0.006838557817310071	0.10456009004185633	0.0773682679592696	0.0013967490085262406	0.05252671289327479	0.002839995267041371	0.08868707973513022	0.020491054962810614	0.16079415709310171	0.038200166677530796	0.0018695552735912512	0.36350403990121716	0.019560988119843574	0.0019500965096528168	1.356373991543661E-4	0.03618606506262455	0.001957813868568693	1.6393978579852064E-4	0.019051255264105654
88	88	0.003527826042405585	0.04367382618128918	0.0057781537620262054	0.017945805650036374	0.002569374125906006	0.0033428320260183125	0.03631831485122037	0.007673167042476369	0.0066000594772113565	0.3268811389503542	0.008082626149523977	0.03453315273927727	0.1089872236186055	0.03598319844544685	0.003587278375954134	2.4951027118331846E-4	0.34641197198870766	0.0036014747578364485	3.0157361219947365E-4	0.003951491932321419
89	89	0.047858519549843374	0.3035420607627801	0.004208021459485255	0.19422660764399527	0.00187118271762073	0.00243446427358605	0.026449321800790147	0.005588091440064575	0.004806585815785782	0.0342537822027348	0.005886285773445174	0.0025045870777254415	0.351107457830327	0.003560603186001581	0.0026124857539043707	1.817093519389503E-4	0.003188054301406318	0.002622824467976057	2.1962520971488712E-4	0.002877729380874163
90	90	0.007483698103597679	0.026685945536266215	0.012257395299935225	0.03806905161886366	0.005450501255544923	0.007091263966264105	0.011082447651123442	0.016277351817838515	0.014000932018620193	0.42958079998422377	0.017145951433034816	0.00729552217600755	0.033315817638404834	0.01037155375209728	0.0076098163731732225	5.292946763354237E-4	0.009286369422359409	0.3374441137996651	6.397384232056288E-4	0.008382435053438936
91	91	0.003527826042405585	0.13695592548010177	0.0057781537620262054	0.049039838749640574	0.002569374125906006	0.0033428320260183125	0.005224281751616169	0.10095526634128897	0.0066000594772113565	0.015940807954312224	0.03917665924912817	0.0034391196396730715	0.5443036870130643	0.004889165345842653	0.003587278375954134	2.4951027118331846E-4	0.06656567409226988	0.0036014747578364485	3.0157361219947365E-4	0.003951491932321419
92	92	0.001258385599819722	0.0044872480310592855	0.06860906505463384	0.4278718672609368	0.12292113517205887	0.001192397707141256	0.001863516184361487	0.036011031117400304	0.002354260018561766	0.005686131611387423	0.0028830957742893033	0.08995738530154378	0.0610587135426957	0.001743979207702292	0.0012795924165714225	8.900102456585476E-5	0.16793145807246437	0.0012846563064331984	1.0757216663060316E-4	0.0014095084297428646
93	93	0.005361717770498296	0.25540841255140384	0.008781847328674404	0.027274685288647953	0.0039050278399030353	0.00508055716530498	0.007940052590186649	0.01166195713539026	0.010031009397838497	0.16600092967317545	0.012284267913801687	0.005226898567348591	0.11838489165462185	0.1492042430296862	0.1472255880683232	3.792147455244743E-4	0.006653246999814195	0.05273148925133867	4.5834249654234585E-4	0.0060056205319753714
