0	0	8.229794135624011E-4	0.019006633792529908	0.023683418668955413	0.8108727935178934	0.14561417460705892
1	1	8.755718436619086E-4	0.020221251124005565	0.15300673707272672	0.03192764614658782	0.793968793813018
2	2	5.558677233377056E-4	0.053408548024781524	0.015996570265809883	0.9128280158311612	0.01721099815490965
3	3	3.370665717674298E-4	0.2783988877569614	0.03430129196598781	0.62732375201618	0.05963900168910329
4	4	7.347159592098078E-4	0.07059253657761119	0.18201642073305757	0.40216172333666794	0.3444946033934535
5	5	0.03618624523346349	0.29320648200078486	0.1688155098798007	0.49416850482209024	0.007623258063860598
6	6	1.4031143388415325E-4	0.013481318738981793	0.1576504205710546	0.005116443434998606	0.8236115058210808
7	7	4.497372240743747E-5	0.36867576862123436	0.2901519634002483	0.09683171292944216	0.24429558132666776
8	8	2.816373906717735E-4	0.006504389609954924	0.028660588664476266	0.8324988672333654	0.1320545171015316
9	9	5.793733848316696E-4	0.2248127242818842	0.016673008112344283	0.4439910953847035	0.3139437988362364
10	10	5.793733848316696E-4	0.013380574985426514	0.016673008112344283	0.7399961043997443	0.22937093911765333
11	11	5.141488295745468E-4	0.01187421988635238	0.39005518326064637	0.056274307926089374	0.5412821400973373
12	12	5.558677233377056E-4	0.3779752210457491	0.015996570265809883	0.02026966502350051	0.5852026759416028
13	13	2.5538887382999865E-4	0.34141705807766665	0.00734949322259113	0.6430706076538741	0.007907452172038004
14	14	3.8434330853342753E-4	0.12108384977523237	0.7404090965251952	0.1262225195789131	0.011900190812125873
15	15	2.259119777602156E-4	0.26903377384985006	0.666042111042492	0.05770342637067775	0.0069947767592199
16	16	0.0010832460950260412	0.26220446025375127	0.2683602751759439	0.03950046847899698	0.4288515499962819
17	17	0.001584270597011884	0.1522189339519419	0.045591594656703316	0.05777028051780353	0.7428349202765395
18	18	5.558677233377056E-4	0.25626271866288625	0.015996570265809883	0.7099738451930565	0.01721099815490965
19	19	7.763470570877109E-4	0.017929663812733514	0.13566714245195902	0.8215892794547159	0.024037567223503833
20	20	4.0718808209933835E-4	0.09856165813000278	0.665540955629592	0.22288267835551404	0.012607519802791789
21	21	6.049547619405114E-4	0.3671995728410643	0.01740918018932807	0.022059619337631522	0.5927266728700356
22	22	2.0253541029231737E-4	0.2559774651205988	0.5823400950139848	0.12564422483495383	0.03583567962017028
23	23	2.937123302436015E-4	0.07109435554396687	0.6086892514291999	0.03214722501166603	0.28777545568492346
24	24	5.793733848316696E-4	0.14023986456330112	0.016673008112344283	0.8245689641183274	0.017938789821195632
25	25	6.635509923155087E-4	0.35433645494652616	0.5033980221730385	0.024196325448591457	0.11740564643952842
26	26	4.782549193268002E-4	0.011045253333583162	0.36282453537370796	0.2966887050792349	0.32896325129414716
27	27	2.5538887382999865E-4	0.13637774524294435	0.025989430753020428	0.38211148222786395	0.4552659529023412
28	28	4.470456370164736E-4	0.17346593779968572	0.5349175975699978	0.2773278136781871	0.013841605315112979
29	29	3.471741180067483E-5	0.4062261210724054	0.14796540378845877	0.0063337712748517145	0.4394399864524835
30	30	4.470456370164736E-4	0.1408376458061007	0.7633156415250929	0.08155806171667696	0.013841605315112979
31	31	9.353449862167032E-4	0.08986925399470273	0.1634521317860172	0.17064236354337833	0.5751009056896851
32	32	1.6379501077226708E-4	0.3265630501918528	0.0764425741824081	0.508075333552301	0.08875524706266583
33	33	2.5538887382999865E-4	0.02453812006036856	0.10054918087473763	0.6244306701234449	0.2502266400676189
34	34	3.212597527818399E-4	0.03086708620506528	0.03269272452414625	0.7854862261806683	0.15063270333733822
35	35	6.328995059656642E-4	0.014616755825387821	0.1567927051475607	0.0230786218390831	0.8048790176820028
36	36	2.186999013400007E-4	0.0050508540878788765	0.006293670583901851	0.00797487163711656	0.9804619037897627
37	37	4.955527571965824E-4	0.011444745306742434	0.30361009845509984	0.34358819336805596	0.34086141011290516
38	38	1.5114650299826796E-4	0.15793385315572753	0.1256978224231846	0.027574848738180124	0.6886423291799094
39	39	3.0686905375876695E-4	0.14147088360795776	0.03122826732153267	0.3919439696186585	0.4350500103980922
40	40	5.558677233377056E-4	0.053408548024781524	0.015996570265809883	0.7911155134482984	0.1389235005377725
41	41	2.1193405983513058E-4	0.17504615253460432	0.02156728869855968	0.7966126378175967	0.006561986889404125
42	42	7.347159592098078E-4	0.01696819743981278	0.07476774245746076	0.29491304506107113	0.6126162990824455
43	43	1.3888909303099272E-4	0.36814061807525594	0.6020815205828557	0.005064577907585552	0.024574394341271764
44	44	3.289733965633713E-4	0.031608223884148856	0.6097324227208514	0.22809150660526548	0.13023887339317086
45	45	4.0718808209933835E-4	0.039123200223498265	0.011717918658042361	0.906424944280316	0.042326748756044044
46	46	3.9543602823971746E-4	0.5863623144622292	0.06910269767117	0.014419538127730077	0.32972001371063087
47	47	3.7385595034759107E-4	0.008634168756003915	0.09261799896821384	0.5593612955203244	0.33901268080511016
48	48	5.341949871233188E-4	0.012337184049486917	0.015372879712913404	0.17543543942112358	0.7963203018293528
49	49	1.657768435856039E-4	0.4757079295954173	0.34355582805368123	0.17543761675699335	0.005132848750322534
50	50	2.6527842019106345E-4	0.14165876635389285	0.25933672170191197	0.24201424271582378	0.35672499080818026
51	51	5.793733848316696E-4	0.3093855840004673	0.43953730670525964	0.06341322665107964	0.1870845092583618
52	52	2.3766837888825664E-4	0.07487525253253051	0.058879281311916255	0.5464105602281109	0.3195972375485541
53	53	2.3361594108986135E-4	0.09064937659735085	0.26248503308238863	0.04262039882228929	0.6040115755568813
54	54	8.22160801843867E-5	0.42194519180156725	0.0023659860942312613	0.5190550308009403	0.05655157522307699
55	55	7.763470570877109E-4	0.07459251066674455	0.13566714245195902	0.08497227035257253	0.7039917294716362
56	56	4.955527571965824E-4	0.047613401750738554	0.37594741134309206	0.5606001320320326	0.015343502116940114
57	57	0.0012867060534617258	0.029716357850212618	0.037028384508554626	0.4225682519232757	0.5094002996644954
58	58	0.0014200676742949718	0.5510251089902004	0.0408662193905869	0.362719902226849	0.043968701718068846
59	59	5.141488295745468E-4	0.19950381237581122	0.05232191677962048	0.16885206341976466	0.5788080585952291
60	60	4.782549193268002E-4	0.04595140130385908	0.04866920364122469	0.22687640913868307	0.6780247309969064
61	61	5.793733848316696E-4	0.013380574985426514	0.05895943797163582	0.9091418238369104	0.017938789821195632
62	62	7.763470570877109E-4	0.017929663812733514	0.022341448743936967	0.0283094234985615	0.9306431168876803
63	63	2.705160824643336E-4	0.5590800870746976	0.4224092261232495	0.009864343880406306	0.008375826839182149
64	64	4.470456370164736E-4	0.010324477831760622	0.1433780936469775	0.04892976972309194	0.7969206131611535
65	65	6.049547619405114E-4	0.1464319488996036	0.06156270497762021	0.06621314412592366	0.725187247234912
66	66	3.4556799578536727E-4	0.007980861049585636	0.08561002238252352	0.2648190562347266	0.6412444923373788
67	67	3.4556799578536727E-4	0.23497701721018552	0.03516643212461244	0.34048444162159325	0.3890265410478233
68	68	1.1645873132119303E-4	0.27468685325593906	0.3943474556052912	0.03824631304344976	0.2926029193639988
69	69	7.763470570877109E-4	0.1312553575207556	0.022341448743936967	0.8215892794547159	0.024037567223503833
70	70	1.6988795192934058E-4	0.21471547729178658	0.24047995843296094	0.27898450577794215	0.2656501705453809
71	71	3.8434330853342753E-4	0.06498011155153466	0.06716423784082268	0.6872599018158901	0.180211405483219
72	72	8.229794135624011E-4	0.19920577043750207	0.26394893419558496	0.3904081413462917	0.14561417460705892
73	73	5.141488295745468E-4	0.08692605688213591	0.05232191677962048	0.43153349290500703	0.42870438460366206
74	74	4.470456370164736E-4	0.10820935381251569	0.5349175975699978	0.34258439766535714	0.013841605315112979
75	75	4.1966005536733466E-4	0.009692010344697358	0.28774246338626175	0.32159801010859856	0.38054785610507486
76	76	5.558677233377056E-4	0.01283771389716058	0.09713823852105177	0.14198216740636332	0.7474860124520866
77	77	9.353449862167032E-4	0.021601706348577873	0.9143951558933906	0.03410726825112862	0.028960524520686263
78	78	6.049547619405114E-4	0.05812489932301929	0.06156270497762021	0.06621314412592366	0.8134942968114963
79	79	5.341949871233188E-4	0.16829325276492096	0.6781861717535081	0.13644642224226508	0.016539958252182574
80	80	0.5378419533011269	0.2534573594928261	0.03122826732153267	0.16797101784892182	0.009501402035592434
81	81	2.1193405983513058E-4	0.2833244147649595	0.006098965522794652	0.7038026987630065	0.006561986889404125
82	82	3.545093581889054E-4	0.03406175477931786	0.0878251298138627	0.504540632871854	0.37321797317677646
83	83	0.12226837010620054	0.33740438691812813	0.056567404393430824	0.4665488404273309	0.01721099815490965
84	84	5.141488295745468E-4	0.01187421988635238	0.8403662052353476	0.13132614492187292	0.01591928112685264
85	85	3.4556799578536727E-4	0.007980861049585636	0.26216258828521233	0.16393187571890447	0.5655791069505122
86	86	8.229794135624011E-4	0.13913939155584468	0.8045463441305014	0.03000986805634739	0.025481416843744123
87	87	2.418638904059009E-4	0.2527249747318087	0.4835857803359824	0.18534750895835755	0.07809987208344539
88	88	4.6212395226831373E-4	0.01067271013438834	0.8227901714832865	0.15176652830420942	0.01430846612584745
89	89	3.289733965633713E-4	0.007597610308256656	0.009467083323546422	0.9724205274579236	0.010185805513709852
90	90	0.0010832460950260412	0.025017468840715908	0.3474226056469557	0.19762512942102056	0.4288515499962819
91	91	4.6212395226831373E-4	0.07813032073750648	0.08075645484898697	0.8263426343353908	0.01430846612584745
92	92	1.563199036872405E-4	0.5398445261673768	0.4152312005770435	0.03992791414655406	0.0048400392053385005
93	93	7.347159592098078E-4	0.01696819743981278	0.02114340331966235	0.938405114714652	0.022748568566663036
94	94	2.259119777602156E-4	0.10414855039923014	0.830927334493112	0.02472638168055375	0.0399718214493439
95	95	4.782549193268002E-4	0.3252005850660664	0.6420737191359154	0.017439521317027567	0.014807919561663961
96	96	7.763470570877109E-4	0.017929663812733514	0.022341448743936967	0.6516007388926829	0.307351801493559
97	97	5.341949871233188E-4	0.05132620122834543	0.015372879712913404	0.2924024909576991	0.6403642331139188
98	98	3.289733965633713E-4	0.34374620037074743	0.08149892405122301	0.011995984422235682	0.5624299177592305
99	99	4.955527571965824E-4	0.011444745306742434	0.01426084690313092	0.9584553529159899	0.015343502116940114
100	100	3.0686905375876695E-4	0.007087112546115729	0.12081744802942737	0.16797101784892182	0.7038175525217762
101	101	1.5812397828144102E-4	0.19984739990330097	0.1084186651772508	0.6520571706971984	0.03951864024396831
102	102	1.563199036872405E-4	0.3344781861059669	0.015907761568746726	0.35938666535319147	0.2900710670684076
103	103	0.0011762425741364943	0.027165213964492344	0.03384950447173266	0.4721406618717635	0.46566837711787507
104	104	0.6483519950813592	0.0680744939208579	0.08482494889960937	0.10748387130868396	0.09126469078948958
105	105	1.4788369975043828E-4	0.3164272141961631	0.11219086826503441	0.21046929718498034	0.36076473665407166
106	106	2.937123302436015E-4	0.00678325922774429	0.17994860932104945	0.6109470918576692	0.2020273272632934
107	107	0.0010038772223224612	0.0231844520323453	0.32196713371998203	0.32968418998350074	0.32416034704184954
108	108	4.329201906267844E-4	0.009998251947782932	0.012458428431977666	0.9637061518194775	0.013404247610135174
109	109	4.1966005536733466E-4	0.4997642424668016	0.22648343437099874	0.0459323795399149	0.2274002835669173
110	110	2.705160824643336E-4	0.06547960220508775	0.04727285762234595	0.14807247964389708	0.7389045444462049
111	111	1.1080760082316315E-4	0.01873400707747936	0.38329930287694	0.1496148305333225	0.448241051911435
112	112	1.7202092980649398E-4	0.34296331292136434	0.595044942632573	0.056493542877941325	0.005326180638314791
113	113	7.58444428595666E-5	0.4335299557423389	0.3343198063184012	0.0027656605809498695	0.2293087329154506
114	114	1.563199036872405E-4	0.3344781861059669	0.46086816503513456	0.017109431917508532	0.18738789703770273
115	115	0.0024257370836036764	0.056022174631855166	0.06980702795847121	0.08845427797911207	0.7832907823469579
116	116	6.635509923155087E-4	0.015324649080853864	0.1643862163073662	0.702219937179936	0.11740564643952842
117	117	6.049547619405114E-4	0.27889252326448	0.01740918018932807	0.15452019370250794	0.5485731480817435
118	118	3.9543602823971746E-4	0.21116297319614608	0.35771757556815703	0.41848036718351195	0.01224364802394513
119	119	0.0010832460950260412	0.8156407735508338	0.031173283762908545	0.11856279895000876	0.03353989764122294
120	120	1.195061062147657E-4	0.1335949512265344	0.08194008686825696	0.4928083289224012	0.2915371268765927
121	121	0.0010038772223224612	0.0231844520323453	0.028889233626848393	0.03660628989036712	0.9103161472281167
122	122	1.2162786323883795E-4	0.49105448079082586	0.26981589019562097	0.022189530453095883	0.21681847069721846
123	123	4.782549193268002E-4	0.3252005850660664	0.01376305567094878	0.261782557108959	0.39877554723469905
124	124	6.049547619405114E-4	0.23473899847618787	0.06156270497762021	0.15452019370250794	0.5485731480817435
125	125	6.635509923155087E-4	0.015324649080853864	0.06752570034574554	0.36320813131426377	0.5532779682668213
126	126	3.370665717674298E-4	0.15539235761494924	0.058902597994390245	0.5535198339309727	0.23184814388792033
127	127	6.049547619405114E-4	0.013971374534727146	0.10571622976591236	0.8609765903151823	0.018730850622237755
128	128	3.639257154603672E-4	0.300583098107484	0.16984289307593062	0.5179420699491771	0.01126801315194781
129	129	5.341949871233188E-4	0.012337184049486917	0.7171751889323666	0.2534134737788406	0.016539958252182574
130	130	4.782549193268002E-4	0.2553882891255146	0.0835753516115006	0.0872518172575794	0.5733062870860786
131	131	5.558677233377056E-4	0.01283771389716058	0.21885074090391463	0.5882613428101937	0.17949433466539344
132	132	2.5071555161007965E-4	0.1704798858807903	0.6842723872954896	0.13723425636657519	0.007762754905534802
133	133	3.9543602823971746E-4	0.009132558668255126	0.06910269767117	0.1587269770762236	0.7626423305561114
134	134	3.639257154603672E-4	0.03496649155110166	0.9135693914338012	0.013270517492050667	0.03782967380758605
135	135	7.347159592098078E-4	0.01696819743981278	0.07476774245746076	0.8311564364390552	0.07637290770446145
136	136	5.141488295745468E-4	0.08692605688213591	0.014795998281728723	0.769266759386033	0.12849703662052794
137	137	1.678072220285311E-4	0.15084741428560028	0.06606739936159309	0.39804419997846385	0.38487317915231417
138	138	3.545093581889054E-4	0.24105690508465066	0.03607634223752949	0.504540632871854	0.21797161044777685
139	139	6.049547619405114E-4	0.013971374534727146	0.01740918018932807	0.9492836398917666	0.018730850622237755
140	140	6.328995059656642E-4	0.3841616644134554	0.018213364427035375	0.06927173541259155	0.527720336240952
141	141	4.470456370164736E-4	0.17346593779968572	0.11074980165339247	0.7014956095947924	0.013841605315112979
142	142	5.141488295745468E-4	0.23702973087370297	0.615210694247997	0.056274307926089374	0.09097111812263618
143	143	6.328995059656642E-4	0.014616755825387821	0.018213364427035375	0.7621684390152182	0.204368541226393
144	144	5.558677233377056E-4	0.09397938215240247	0.7868424186906079	0.06084049915112145	0.057781832282530594
145	145	0.0014200676742949718	0.03279633220605176	0.5590949961747356	0.362719902226849	0.043968701718068846
146	146	2.6527842019106345E-4	0.18038224797137253	0.04635757280577363	0.7647812445517997	0.008213656250863018
147	147	3.7385595034759107E-4	0.008634168756003915	0.6110602382548204	0.040919056233717895	0.33901268080511016
148	148	3.8434330853342753E-4	0.26134319533447664	0.03911236872897382	0.01401504313151768	0.6851450494964983
149	149	4.470456370164736E-4	0.10820935381251569	0.012864925672637414	0.17944293769743203	0.6990357371803984
150	150	1.7420814863417812E-4	0.2964646717123686	0.017728143546902008	0.37508288252618954	0.3105500940659056
151	151	3.4556799578536727E-4	0.007980861049585636	0.7918202859932787	0.16393187571890447	0.035921409242445745
152	152	5.558677233377056E-4	0.01283771389716058	0.25942157503153557	0.6288321769378147	0.09835266641015154
153	153	8.755718436619086E-4	0.020221251124005565	0.0891018213083669	0.6070718880258262	0.28272946769813945
154	154	3.0686905375876695E-4	0.09667629325401042	0.8599281888695586	0.03358724678707978	0.009501402035592434
155	155	3.289733965633713E-4	0.007597610308256656	0.05748831047533082	0.8763780731543548	0.058207032665494256
156	156	3.639257154603672E-4	0.27402143745184576	0.48858282094358946	0.22576380273715654	0.01126801315194781
157	157	2.296993811387691E-4	0.40766372505010595	0.00661020983254151	0.4610296605112416	0.12446670522497208
158	158	0.015680257235600157	0.2523877684134294	0.006098965522794652	0.4872461743022961	0.23858683452587956
159	159	2.705160824643336E-4	0.24317577675814733	0.3236891291493275	0.34551267359174104	0.08735190441831973
160	160	4.955527571965824E-4	0.6986492177426686	0.19510412912311154	0.054238941816087	0.05151215856093623
161	161	5.141488295745468E-4	0.01187421988635238	0.23995150926907932	0.09380022642398114	0.6538598955910127
162	162	7.347159592098078E-4	0.01696819743981278	0.5573867946976464	0.02679134937207908	0.3981189425312519
163	163	8.229794135624011E-4	0.019006633792529908	0.8045463441305014	0.03000986805634739	0.14561417460705892
164	164	4.470456370164736E-4	0.04295276982534565	0.012864925672637414	0.24469952168460207	0.6990357371803984
165	165	0.0011762425741364943	0.027165213964492344	0.2913989557112983	0.12874139355234265	0.5515181941977303
166	166	2.152638303307395E-4	0.19350771559215277	0.021906139950853012	0.18067444143673989	0.6036964391899236
167	167	0.0012867060534617258	0.311452834034962	0.037028384508554626	0.6103925693797753	0.0398395060232465
168	168	4.6212395226831373E-4	0.01067271013438834	0.552959729070814	0.421596970716682	0.01430846612584745
169	169	4.0718808209933835E-4	0.24715780289626404	0.1900332923775559	0.49035573893478435	0.07204597770929631
170	170	3.289733965633713E-4	0.07962945103593326	0.009467083323546422	0.9003886867302471	0.010185805513709852
171	171	0.0010832460950260412	0.025017468840715908	0.2683602751759439	0.6719991122470913	0.03353989764122294
172	172	0.0014200676742949718	0.13644208756288148	0.0408662193905869	0.7773029236541679	0.043968701718068846
173	173	6.049547619405114E-4	0.013971374534727146	0.3264838537073731	0.6402089663737215	0.018730850622237755
174	174	0.0014200676742949718	0.03279633220605176	0.7663865068883949	0.051782636156359835	0.14761445707489856
175	175	3.9543602823971746E-4	0.44205487551373573	0.0979641854608687	0.24531144044531972	0.21427406255183606
176	176	2.2224744578426873E-4	0.08623808939026137	0.37948016401260837	0.008104232516552994	0.5259552666347931
177	177	2.937123302436015E-4	0.3069017087034496	0.13707454511023442	0.03214722501166603	0.5235828088444062
178	178	2.1193405983513058E-4	0.06676789030424911	0.006098965522794652	0.7966126378175967	0.13030857229552434
179	179	3.370665717674298E-4	0.2783988877569614	0.03430129196598781	0.08609501939132636	0.6008677343139569
180	180	3.9543602823971746E-4	0.009132558668255126	0.011379722091772588	0.44734185497321066	0.5317504282385218
181	181	5.793733848316696E-4	0.09795343470400959	0.016673008112344283	0.10569965651037116	0.7790945272884433
182	182	1.599701804060123E-4	0.09709979259270966	0.02795489086365675	0.566265073824062	0.3085202725391656
183	183	5.558677233377056E-4	0.053408548024781524	0.015996570265809883	0.34483633804446806	0.5852026759416028
184	184	1.9393496733611208E-4	0.37249935750332236	0.18959121746914329	0.06369035096519514	0.374025139095003
185	185	7.347159592098078E-4	0.17784121485320803	0.02114340331966235	0.02679134937207908	0.7734893164958407
186	186	2.3766837888825664E-4	0.09222183333300989	0.7007027709296534	0.008666555413250029	0.19817117194519843
187	187	2.937123302436015E-4	0.2640276444926346	0.07276344879401182	0.6538211560684842	0.009094038314625677
188	188	7.347159592098078E-4	0.01696819743981278	0.02114340331966235	0.6166590798878616	0.3444946033934535
189	189	7.347159592098078E-4	0.23146555399100643	0.39651377728425125	0.29491304506107113	0.07637290770446145
190	190	3.370665717674298E-4	0.007784521444534623	0.42792218842042684	0.1845002435049361	0.379455980058335
191	191	4.6212395226831373E-4	0.01067271013438834	0.013298844245868831	0.8263426343353908	0.14922368733208374
192	192	5.141488295745468E-4	0.04940013838424415	0.9154180422311311	0.018748389428197614	0.01591928112685264
193	193	4.0718808209933835E-4	0.009403971270246007	0.10087560551779913	0.8767057153270637	0.012607519802791789
194	194	6.328995059656642E-4	0.2917754372664385	0.11059959157405226	0.531202871147676	0.06578920050586765
195	195	8.755718436619086E-4	0.020221251124005565	0.025196905544007078	0.9265964668476254	0.02710980464070013
196	196	4.955527571965824E-4	0.011444745306742434	0.01426084690313092	0.4520941627000443	0.5217046923328857
197	197	8.755718436619086E-4	0.020221251124005565	0.5364362316588857	0.09583256191094765	0.34663438346249925
198	198	3.138995547422497E-4	0.3967267363738302	0.2839584147002705	0.057267171712856745	0.26173377765830014
199	199	0.0012867060534617258	0.029716357850212618	0.1309405432368044	0.5164804106515255	0.3215759822079959
200	200	4.1966005536733466E-4	0.0709510393599604	0.04270634732520963	0.6278931551849137	0.2580297980745488
201	201	2.0253541029231737E-4	0.403800952453163	0.06495788935001015	0.3473794558338001	0.18365916695273443
202	202	1.3888909303099272E-4	0.5506071117041911	0.43988908180158004	0.005064577907585552	0.004300339493612299
203	203	6.049547619405114E-4	0.013971374534727146	0.01740918018932807	0.022059619337631522	0.9459548711763728
204	204	1.618600030935144E-4	0.263637199429452	0.6898463760039714	0.01771580353988057	0.028638761023602462
205	205	0.0012867060534617258	0.029716357850212618	0.037028384508554626	0.3286560931950259	0.6033124583927452
206	206	1.6988795192934058E-4	0.21471547729178658	0.17848233176181194	0.16738877776987401	0.4392435252245981
207	207	4.1966005536733466E-4	0.04032152485232888	0.3490014924015248	0.32159801010859856	0.2886593125821803
208	208	4.1966005536733466E-4	0.43850521345153864	0.07333586183284115	0.015302865032283387	0.4724363996279694
209	209	6.973225009314424E-4	0.016104598963325195	0.3254380384065976	0.432588775281563	0.22517126484758287
210	210	4.368322101408306E-5	0.7215612657479497	0.0012571007184818187	0.11318287895296708	0.16395507135958745
211	211	0.0014200676742949718	0.03279633220605176	0.0408662193905869	0.051782636156359835	0.8731347445727066
212	212	4.955527571965824E-4	0.22845668397071914	0.01426084690313092	0.018070285372090884	0.7387166309968625
213	213	1.8603518812701443E-4	0.45237229474371154	0.0325097675559981	0.5091718068182152	0.005760095693948214
214	214	5.141488295745468E-4	0.08692605688213591	0.39005518326064637	0.43153349290500703	0.09097111812263618
215	215	2.1193405983513058E-4	0.3916026769953147	0.09890890457738483	0.02319647902934527	0.48608000533812
216	216	3.9543602823971746E-4	0.009132558668255126	0.3288560877784583	0.18758846486592232	0.4740274526591244
217	217	6.049547619405114E-4	0.013971374534727146	0.01740918018932807	0.9492836398917666	0.018730850622237755
218	218	8.229794135624011E-4	0.019006633792529908	0.6243472074855293	0.03000986805634739	0.32581331125203106
219	219	4.782549193268002E-4	0.011045253333583162	0.04866920364122469	0.9249993685442014	0.014807919561663961
220	220	5.141488295745468E-4	0.19950381237581122	0.014795998281728723	0.16885206341976466	0.6163339770931209
221	221	1.1262937141536805E-4	0.7259983458573496	0.09366585694652871	0.1520746247748593	0.02814854304984702
222	222	3.138995547422497E-4	0.12180161515872623	0.03194372025309184	0.33219229292796076	0.5137484721054788
223	223	2.6527842019106345E-4	0.122297025545153	0.3174219441281315	0.029035093819685446	0.5309806580868389
224	224	2.5538887382999865E-4	0.005898182529939258	0.00734949322259113	0.6803504827147328	0.3061464526589068
225	225	1.995850741246539E-4	0.12114551132541022	0.12227970306926685	0.5899584132957034	0.16641678723549477
226	226	9.353449862167032E-4	0.08986925399470273	0.7778600606011409	0.10237481589725347	0.028960524520686263
227	227	1.432453388146937E-4	0.5678768616643405	0.09821703574589949	0.07840824960386013	0.2553546076470852
228	228	4.329201906267844E-4	0.10479022766615029	0.2968343555870797	0.5529409237065522	0.04500157284959096
229	229	3.545093581889054E-4	0.008187360991151256	0.0619507360256961	0.9185309334825196	0.010976460142444073
230	230	5.141488295745468E-4	0.04940013838424415	0.615210694247997	0.3189557374113317	0.01591928112685264
231	231	6.049547619405114E-4	0.013971374534727146	0.01740918018932807	0.6402089663737215	0.3278055241402828
232	232	3.545093581889054E-4	0.08581054235565105	0.8381825496706942	0.038801544684855194	0.036850853930610675
233	233	7.763470570877109E-4	0.017929663812733514	0.022341448743936967	0.1982979640605946	0.7606545763256473
234	234	7.347159592098078E-4	0.01696819743981278	0.07476774245746076	0.08041568850987749	0.8271136556336391
235	235	2.296993811387691E-4	0.005304886061216531	0.14072982282883797	0.36043995076401925	0.4932956409647874
236	236	6.973225009314424E-4	0.016104598963325195	0.0709624290936983	0.02542780038092416	0.8868078490611209
237	237	3.138995547422497E-4	0.0988911883908009	0.009033293485166507	0.10308802524870742	0.788673593320583
238	238	6.049547619405114E-4	0.05812489932301929	0.7680191015902946	0.15452019370250794	0.018730850622237755
239	239	5.141488295745468E-4	0.08692605688213591	0.7653143682395641	0.13132614492187292	0.01591928112685264
240	240	3.212597527818399E-4	0.2887909258931192	0.10303558989361553	0.24619092501473736	0.361661299445746
241	241	1.432453388146937E-4	0.28559254978853177	0.14003693380157484	0.06795327508994128	0.5062739959811374
242	242	6.973225009314424E-4	0.016104598963325195	0.02006730723111846	0.8906448720447816	0.07248589925984332
243	243	3.0014658216173093E-4	0.44506476907964077	0.5343970088431748	0.010944817306240197	0.009293258188782447
244	244	3.9543602823971746E-4	0.49977785109313305	0.011379722091772588	0.014419538127730077	0.4740274526591244
245	245	5.558677233377056E-4	0.01283771389716058	0.13770907264867271	0.5882613428101937	0.2606360029206353
246	246	5.141488295745468E-4	0.2745556493715947	0.23995150926907932	0.28142981891344	0.20354887361631147
247	247	5.341949871233188E-4	0.09031521840720394	0.3272850171437815	0.4873475768519917	0.09451799260989961
248	248	1.88595954450476E-4	0.18330004429930483	0.37708118251172273	0.03440704755613286	0.40502312967838905
249	249	6.973225009314424E-4	0.06699972082590505	0.12185755095627816	0.02542780038092416	0.7850176053359612
250	250	3.4556799578536727E-4	0.058424451307496725	0.3126061785431234	0.466593417266371	0.16203038488722346
251	251	7.763470570877109E-4	0.1879182043747666	0.30565568301399215	0.08497227035257253	0.4206774952015811
252	252	5.9146425017975186E-5	0.4330549780829415	0.031920325266869484	0.0021567689076337935	0.5328087813175373
253	253	4.955527571965824E-4	0.011444745306742434	0.339778754899096	0.2350822240360676	0.4131987230008974
254	254	4.6212395226831373E-4	0.11185912603906555	0.41804450786457764	0.016851307097973157	0.45278293504611533
255	255	3.212597527818399E-4	0.07776232978471145	0.03269272452414625	0.6448004954417298	0.24442319049663055
256	256	5.558677233377056E-4	0.13455021628002342	0.09713823852105177	0.6288321769378147	0.1389235005377725
257	257	5.341949871233188E-4	0.012337184049486917	0.522230103038074	0.37038052531541615	0.09451799260989961
258	258	7.763470570877109E-4	0.017929663812733514	0.022341448743936967	0.934914973162738	0.024037567223503833
259	259	7.501394551292271E-5	0.4014077757553964	0.06238377610664177	0.20531054666550824	0.3308228875269407
260	260	5.141488295745468E-4	0.2745556493715947	0.46510702025642986	0.056274307926089374	0.20354887361631147
261	261	5.141488295745468E-4	0.34960748636737826	0.014795998281728723	0.056274307926089374	0.5788080585952291
262	262	1.1847274766587955E-4	0.3572594285718728	0.08987846834241758	0.21184593856830375	0.34089769176974
263	263	2.3766837888825664E-4	0.05752867173205113	0.7007027709296534	0.23417210581948197	0.00735878313992527
264	264	0.9664006957993208	0.006504389609954924	0.008104864017483735	0.010269881353664061	0.008720169219576385
265	265	3.8434330853342753E-4	0.2893950644463255	0.37573479807116006	0.09817065046706423	0.2363151437069167
266	266	3.545093581889054E-4	0.2928056926609839	0.010201948449362896	0.116424726049355	0.5802131234821093
267	267	0.0010038772223224612	0.0231844520323453	0.1021587086501318	0.03660628989036712	0.8370466722048333
268	268	4.782549193268002E-4	0.011045253333583162	0.7118860150764672	0.12215796522785531	0.15443251144276765
269	269	5.558677233377056E-4	0.01283771389716058	0.25942157503153557	0.3042655039168471	0.42291933943111903
270	270	6.328995059656642E-4	0.014616755825387821	0.4801445001621198	0.0230786218390831	0.48152722266744363
271	271	3.138995547422497E-4	0.2363537489983529	0.009033293485166507	0.7445799747506168	0.009719083211121492
272	272	4.1966005536733466E-4	0.13221006837522342	0.28774246338626175	0.1990799520780725	0.38054785610507486
273	273	4.470456370164736E-4	0.4344922737483659	0.012864925672637414	0.21207122969101705	0.34012452525096315
274	274	1.5812397828144102E-4	0.41912476945945804	0.17766415030024776	0.0057659762158935	0.3972869800461193
275	275	8.229794135624011E-4	0.019006633792529908	0.023683418668955413	0.9310055512812082	0.025481416843744123
276	276	5.558677233377056E-4	0.053408548024781524	0.5028465797972612	0.42597800629970994	0.01721099815490965
277	277	0.0017914122196085345	0.041372500293995376	0.5745482065266357	0.06532368059156109	0.3169642003681994
278	278	0.0024257370836036764	0.056022174631855166	0.06980702795847121	0.08845427797911207	0.7832907823469579
279	279	5.141488295745468E-4	0.08692605688213591	0.7277884497416723	0.018748389428197614	0.16602295511841972
280	280	4.329201906267844E-4	0.009998251947782932	0.6444049332210934	0.14217569559362708	0.20298819904686988
281	281	8.229794135624011E-4	0.43947128596413165	0.32401531307724235	0.03000986805634739	0.2056805534887163
282	282	6.635509923155087E-4	0.0637549070616642	0.01909544236493521	0.024196325448591457	0.8922897741324937
283	283	0.0010832460950260412	0.025017468840715908	0.11023561423392032	0.03950046847899698	0.8241632023513408
284	284	0.0011762425741364943	0.027165213964492344	0.11969932155158787	0.3004410277120531	0.5515181941977303
285	285	3.545093581889054E-4	0.3963032678136503	0.32069467390736206	0.09055033226118839	0.19209721665961027
286	286	1.8111676127900388E-4	0.3214407161480486	0.00521211589821944	0.29742409370230233	0.37574195749015055
287	287	3.4556799578536727E-4	0.007980861049585636	0.0099446369956569	0.9710293198454818	0.010699614113490203
288	288	3.4556799578536727E-4	0.3358641977260077	0.36304976880103446	0.18915367084786003	0.11158679462931238
289	289	4.955527571965824E-4	0.19228802752672303	0.01426084690313092	0.7776120706960093	0.015343502116940114
290	290	2.3361594108986135E-4	0.005395338652727503	0.006722919248518594	0.9633640086242216	0.024284117533442454
291	291	8.755718436619086E-4	0.0841261668883654	0.025196905544007078	0.03192764614658782	0.8578737095773779
292	292	5.558677233377056E-4	0.09397938215240247	0.015996570265809883	0.5071196745549519	0.3823485053034981
293	293	3.9543602823971746E-4	0.009132558668255126	0.011379722091772588	0.9668486351877874	0.01224364802394513
294	294	6.973225009314424E-4	0.016104598963325195	0.42722828213175723	0.02542780038092416	0.530541996023062
295	295	5.141488295745468E-4	0.01187421988635238	0.8778921237332393	0.018748389428197614	0.09097111812263618
296	296	6.973225009314424E-4	0.1178948426884849	0.7325990133072363	0.02542780038092416	0.12338102112242318
297	297	1.4475878825658206E-4	0.5104841129717071	0.004165818648428863	0.12149841044421136	0.3637068991473961
298	298	6.049547619405114E-4	0.05812489932301929	0.1498697545542045	0.41944134243226083	0.3719590489285749
299	299	8.755718436619086E-4	0.020221251124005565	0.15300673707272672	0.2875473092040271	0.5383491307555787
300	300	3.545093581889054E-4	0.008187360991151256	0.32069467390736206	0.6597869956008536	0.010976460142444073
301	301	3.289733965633713E-4	0.19968251891539424	0.009467083323546422	0.7563250052748939	0.03419641908960205
302	302	6.328995059656642E-4	0.014616755825387821	0.018213364427035375	0.0230786218390831	0.943458358402528
303	303	3.7385595034759107E-4	0.19963920428264842	0.3654823354348488	0.15006479082037188	0.28443981351178316
304	304	1.0487064250281197E-4	0.4616703849506855	0.45461219829914523	0.08036549944738848	0.0032470466602780973
305	305	6.328995059656642E-4	0.15319609654591315	0.018213364427035375	0.8083615525887267	0.019596086932359206
306	306	5.793733848316696E-4	0.013380574985426514	0.14353229769021889	0.27484537594753733	0.5676623779919856
307	307	3.7385595034759107E-4	0.008634168756003915	0.010758698028223341	0.9686578002202769	0.011575477045148167
308	308	0.0014200676742949718	0.03279633220605176	0.5590949961747356	0.362719902226849	0.043968701718068846
309	309	2.0870573212203233E-4	0.0048200396698556535	0.08216955615185376	0.12947202611749398	0.7833296723286746
310	310	8.229794135624011E-4	0.019006633792529908	0.14381617643227018	0.8108727935178934	0.025481416843744123
311	311	6.973225009314424E-4	0.016104598963325195	0.02006730723111846	0.9415399939073614	0.021590777397263467
312	312	2.759647355554163E-4	0.1675069598429095	0.4309172649601706	0.292046792951609	0.10925301750975547
313	313	4.470456370164736E-4	0.20609422979327074	0.6980590575379229	0.016301477729506915	0.07909818930228303
314	314	2.259119777602156E-4	0.005217416328858154	0.2703175747610041	0.008237859335491756	0.7160012375968858
315	315	1.2271724766637092E-4	0.14614136259385457	0.3170160564558122	0.2015222992674093	0.33519756443525756
316	316	1.657768435856039E-4	0.3910116398369593	0.07736748881281319	0.32063125634292133	0.21082383816372055
317	317	0.9514225145861714	0.009403971270246007	0.011717918658042361	0.014848075682748239	0.012607519802791789
318	318	2.3766837888825664E-4	0.1616081565349274	0.006839538910478119	0.372944752223317	0.45836988395238915
319	319	4.470456370164736E-4	0.07558106181893066	0.6328024735507528	0.11418635371026198	0.1769830652830381
320	320	4.955527571965824E-4	0.011444745306742434	0.01426084690313092	0.8861180400279978	0.08768081500493236
321	321	4.6212395226831373E-4	0.01067271013438834	0.24940048135678233	0.5227833866213591	0.21668129793520188
322	322	3.212597527818399E-4	0.24189568231347305	0.009245102734323163	0.7385909826010222	0.009946972598399688
323	323	6.973225009314424E-4	0.016104598963325195	0.0709624290936983	0.8906448720447816	0.021590777397263467
324	324	1.545565309596971E-4	0.16149701104978376	0.8053660244272056	0.02819696703641459	0.004785440955636333
325	325	3.370665717674298E-4	0.08158843952974193	0.3049156582784146	0.012291101306119049	0.6008677343139569
326	326	4.1966005536733466E-4	0.13221006837522342	0.6552966374778401	0.1990799520780725	0.012993682013496653
327	327	4.782549193268002E-4	0.011045253333583162	0.816604458987295	0.017439521317027567	0.15443251144276765
328	328	2.186999013400007E-4	0.29236934169294376	0.006293670583901851	0.5985739850475277	0.10254430277428662
329	329	6.049547619405114E-4	0.19058547368789572	0.19402327934249666	0.3752878176439687	0.2394984745636985
330	330	7.763470570877109E-4	0.017929663812733514	0.022341448743936967	0.5382750451846607	0.4206774952015811
331	331	4.470456370164736E-4	0.17346593779968572	0.045493217666222434	0.4404692736461122	0.34012452525096315
332	332	9.811197712102947E-5	0.3173432366610824	0.1317187121264748	0.27568990061134246	0.27515003862397946
333	333	4.470456370164736E-4	0.07558106181893066	0.3717761376020726	0.2773278136781871	0.2748679412637931
334	334	2.759647355554163E-4	0.10708186746266922	0.10865010559888899	0.6344556497729706	0.14953641242991567
335	335	9.353449862167032E-4	0.021601706348577873	0.1634521317860172	0.7167827447123771	0.09722807216681112
336	336	1.7875380106912662E-4	0.2911537785774467	0.031237340532269824	0.5022895175158418	0.17514060957337255
337	337	2.5071555161007965E-4	0.29857182288979583	0.007215005962174522	0.5398089155377355	0.15415354005868398
338	338	2.0557428100471758E-4	0.19980160722300883	0.6961066270635641	0.007496247107841273	0.09638994432458106
339	339	3.4556799578536727E-4	0.13408983669436333	0.08561002238252352	0.7692549588138375	0.010699614113490203
340	340	0.0010832460950260412	0.025017468840715908	0.584609597059991	0.3557497903630441	0.03353989764122294
341	341	4.1966005536733466E-4	0.13221006837522342	0.4102605214167878	0.3522275246162301	0.10488222553639122
342	342	6.635509923155087E-4	0.0637549070616642	0.06752570034574554	0.6053594212183154	0.2626964203819594
343	343	7.763470570877109E-4	0.017929663812733514	0.36231852986800317	0.0283094234985615	0.5906660357636141
344	344	1.296866342553389E-4	0.4384022246928944	0.01319744963836992	0.38334390137388047	0.16492673766059981
345	345	3.639257154603672E-4	0.16777479482929283	0.03703458979773942	0.4913804092935389	0.30344628036396837
346	346	2.3361594108986135E-4	0.3464114904312209	0.6376028000387315	0.00851878364443995	0.007233309944517781
347	347	3.545093581889054E-4	0.05993614856748446	0.19132270496652912	0.6597869956008536	0.08859964150694388
348	348	3.370665717674298E-4	0.007784521444534623	0.009699985937585372	0.6027224459877776	0.379455980058335
349	349	1.678072220285311E-4	0.13859975412383138	0.49473550502350466	0.11634801625777914	0.25014891737285627
350	350	9.353449862167032E-4	0.22640434928695244	0.09518458413989234	0.44371255412787775	0.23376316745906084
351	351	5.558677233377056E-4	0.01283771389716058	0.38113407741439836	0.06084049915112145	0.5446318418139819
352	352	9.353449862167032E-4	0.021601706348577873	0.5047898700166414	0.44371255412787775	0.028960524520686263
353	353	2.1193405983513058E-4	0.004894597601188988	0.2381238131592701	0.7502076682903016	0.006561986889404125
354	354	0.008132494264811014	0.08276431709967923	0.38022425523208425	0.2045725636249641	0.32430636977846145
355	355	4.0718808209933835E-4	0.3363154897560208	0.24947175028406038	0.014848075682748239	0.3989574961950711
356	356	2.152638303307395E-4	0.1620850127175016	0.7446283060678307	0.08640633281278627	0.0066650845715506765
357	357	1.88595954450476E-4	0.07318039008794326	0.10178204698331886	0.3922959237430579	0.43255304323122945
358	358	0.0012867060534617258	0.029716357850212618	0.6005013368780534	0.23474393446677613	0.13375166475149627
359	359	5.793733848316696E-4	0.09795343470400959	0.016673008112344283	0.6977096745404527	0.1870845092583618
360	360	5.793733848316696E-4	0.013380574985426514	0.016673008112344283	0.9091418238369104	0.06022521968048717
361	361	0.0012867060534617258	0.029716357850212618	0.037028384508554626	0.14083177573852634	0.7911367758492447
362	362	3.7385595034759107E-4	0.06320703604933092	0.010758698028223341	0.8595120656336229	0.06614834433847518
363	363	0.0010038772223224612	0.09645392705562872	0.5417755587898323	0.32968418998350074	0.031082446948715873
364	364	5.793733848316696E-4	0.05566700484471805	0.016673008112344283	0.8245689641183274	0.10251164953977872
365	365	1.374952994102236E-4	0.18381082903163024	0.796745438697562	0.015049052671778803	0.004257184299618766
366	366	4.0718808209933835E-4	0.009403971270246007	0.011717918658042361	0.9658634021868204	0.012607519802791789
367	367	4.470456370164736E-4	0.33660739776761084	0.3065195536149026	0.21207122969101705	0.14435477328945306
368	368	5.341949871233188E-4	0.012337184049486917	0.522230103038074	0.44835855967313315	0.016539958252182574
369	369	4.1966005536733466E-4	0.16283958288285494	0.012076832817578115	0.10719140855517793	0.7174725156890216
